Data: [1.0, 1.0, 1.0, 1.0, 1.0, 1.0, 1.0, 1.0, 1.0, 1.0, 1.0, 1.0, 1.0, 1.0, 1.0, 1.0, 1.0, 1.0, 1.0, 1.0, 1.0, 1.0, 1.0, 1.0, 1.0, 1.0, 1.0, 1.0, 1.0, 1.0, 1.0, 1.0, 1.0, 1.0, 1.0, 1.0, 1.0, 1.0, 1.0, 1.0, 1.0, 1.0, 1.0, 1.0, 1.0, 1.0, 1.0, 1.0, 1.0, 1.0, 1.0, 1.0, 1.0, 1.0, 1.0, 1.0, 1.0, 1.0, 1.0, 1.0, 1.0, 1.0, 1.0, 1.0, 1.0, 1.0, 1.0, 1.0, 1.0, 1.0, 1.0, 1.0, 1.0, 1.0, 1.0, 1.0, 1.0, 1.0, 1.0, 1.0, 1.0, 1.0, 1.0, 1.0, 1.0, 1.0, 1.0, 1.0, 1.0, 1.0, 1.0, 1.0, 1.0, 1.0, 1.0, 1.0, 1.0, 1.0, 1.0, 1.0, 1.0, 1.0, 1.0, 1.0, 1.0, 1.0, 1.0, 1.0, 1.0, 1.0, 1.0, 1.0, 1.0, 1.0, 1.0, 1.0, 1.0, 1.0, 1.0, 1.0, 1.0, 1.0, 1.0, 1.0, 1.0, 1.0, 1.0, 1.0, 1.0, 1.0, 1.0, 1.0, 1.0, 1.0, 1.0, 1.0, 1.0, 1.0, 1.0, 1.0, 1.0, 1.0, 1.0, 1.0, 1.0, 1.0, 1.0, 1.0, 1.0, 1.0, 1.0, 1.0, 1.0, 1.0, 1.0, 1.0, 1.0, 1.0, 1.0, 1.0, 1.0, 1.0, 1.0, 1.0, 1.0, 1.0, 1.0, 1.0, 1.0, 1.0, 1.0, 1.0, 1.0, 1.0, 1.0, 1.0, 1.0, 1.0]
Forecast: [0.9861373901367188, 1.0120779275894165, 1.0202604532241821, 1.0116631984710693, 1.000002145767212, 0.9914401769638062, 1.0138055086135864, 1.0022109746932983, 0.9859344363212585, 1.0104106664657593, 1.0012072324752808, 0.9729596376419067, 0.9666824340820312, 0.9867045283317566, 0.9993306994438171, 0.9864189028739929, 0.9717547297477722, 0.9730978012084961, 0.9907875061035156, 0.9844223260879517, 0.9632226228713989, 0.9821661114692688, 0.9781805276870728, 0.9633024334907532, 0.9505548477172852, 0.9771331548690796, 0.9899728894233704, 0.9773113131523132, 0.9606422185897827, 0.9532219171524048, 0.9766389727592468, 0.9699724316596985, 0.9348686337471008, 0.9729591608047485, 0.9651018381118774, 0.9527606964111328]
95% Confidence: [0.007889298722147942, 0.00717602763324976, 0.010477310046553612, 0.009567649103701115, 0.011025217361748219, 0.013436755165457726, 0.0080568827688694, 0.007280615158379078, 0.012238632887601852, 0.013227464631199837, 0.010659653693437576, 0.0090553667396307, 0.014060311019420624, 0.010489920154213905, 0.013557487167418003, 0.014588259160518646, 0.014992762356996536, 0.01151670329272747, 0.010035233572125435, 0.010773238725960255, 0.01586582139134407, 0.013495637103915215, 0.014081393368542194, 0.015585017390549183, 0.023922672495245934, 0.016125820577144623, 0.01854998990893364, 0.020915567874908447, 0.01860540360212326, 0.022091763094067574, 0.01738053746521473, 0.01676153764128685, 0.02627415582537651, 0.016685334965586662, 0.02357230708003044, 0.02023755945265293]
Variance: [0.00024896414834074676, 0.00020598148694261909, 0.00043909609667025506, 0.0003661596274469048, 0.0004862216592300683, 0.0007221855921670794, 0.00025965346139855683, 0.00021202942298259586, 0.0005991365178488195, 0.0006998632452450693, 0.00045451289042830467, 0.00032799868495203555, 0.0007907694089226425, 0.00044015367166139185, 0.0007352218381129205, 0.0008512692293152213, 0.0008991317008621991, 0.0005305378581397235, 0.0004028236726298928, 0.00046425071195699275, 0.0010068971896544099, 0.0007285288884304464, 0.0007931425352580845, 0.0009715710184536874, 0.002289176918566227, 0.0010401683393865824, 0.0013764086179435253, 0.0017498438246548176, 0.0013846441870555282, 0.0019521841313689947, 0.0012083323672413826, 0.001123796566389501, 0.002761324867606163, 0.001113601610995829, 0.0022226145956665277, 0.0016382354078814387]
