Data: [1.0, 1.0, 1.0, 1.0, 1.0, 1.0, 1.0, 1.0, 1.0, 1.0, 1.0, 1.0, 1.0, 1.0, 1.0, 1.0, 1.0, 1.0, 1.0, 1.0, 1.0, 1.0, 1.0, 1.0, 1.0, 1.0, 1.0, 1.0, 1.0, 1.0, 1.0, 1.0, 1.0, 1.0, 1.0, 1.0, 1.0, 1.0, 1.0, 1.0, 1.0, 1.0, 1.0, 1.0, 1.0, 1.0, 1.0, 1.0, 1.0, 1.0, 1.0, 1.0, 1.0, 1.0, 1.0, 1.0, 1.0, 1.0, 1.0, 1.0, 1.0, 1.0, 1.0, 1.0, 1.0, 1.0, 1.0, 1.0, 1.0, 1.0, 1.0, 1.0, 1.0, 1.0, 1.0, 1.0, 1.0, 1.0, 1.0, 1.0, 1.0, 1.0, 1.0, 1.0, 1.0, 1.0, 1.0, 1.0, 1.0, 1.0, 1.0, 1.0, 1.0, 1.0, 1.0, 1.0, 1.0, 1.0, 1.0, 1.0, 1.0, 1.0, 1.0, 1.0, 1.0, 1.0, 1.0, 1.0, 1.0, 1.0, 1.0, 1.0, 1.0, 1.0, 1.0, 1.0, 1.0, 1.0, 1.0, 1.0, 1.0, 1.0, 1.0, 1.0, 1.0, 1.0, 1.0, 1.0, 1.0, 1.0, 1.0, 1.0, 1.0, 1.0, 1.0, 1.0, 1.0, 1.0, 1.0, 1.0, 1.0, 1.0, 1.0, 1.0, 1.0, 1.0, 1.0, 1.0, 1.0, 1.0, 1.0, 1.0, 1.0, 1.0, 1.0, 1.0, 1.0, 1.0, 1.0, 1.0, 1.0, 1.0, 1.0, 1.0, 1.0, 1.0, 1.0, 1.0, 1.0, 1.0, 1.0, 1.0, 1.0, 1.0, 1.0]
Forecast: [0.888577938079834, 0.9672805070877075, 0.8953682780265808, 0.9437287449836731, 0.8501026034355164, 0.934455394744873, 0.9418579936027527, 0.9220074415206909, 1.0382814407348633, 0.9316474795341492, 0.9309531450271606, 0.9603934288024902, 0.9602975845336914, 0.8986557722091675, 1.0195473432540894, 1.019869327545166, 0.9226678609848022, 0.987027645111084, 0.9625536799430847, 0.9923966526985168, 0.9995066523551941, 0.9493545293807983, 0.9733082056045532, 0.8859227895736694, 0.8735476732254028, 0.9046386480331421, 1.0055694580078125, 0.9100654721260071, 0.9355355501174927, 0.9178975224494934, 0.9290310144424438, 0.9347022175788879, 0.962816596031189, 0.9941558837890625, 0.9494898915290833, 0.9284076690673828]
95% Confidence: [0.03802529722452164, 0.035625211894512177, 0.03175712749361992, 0.03490883857011795, 0.03235071897506714, 0.034879300743341446, 0.033225949853658676, 0.03424793854355812, 0.03855263441801071, 0.0356178916990757, 0.032634541392326355, 0.03583194315433502, 0.034514639526605606, 0.033109284937381744, 0.03413207083940506, 0.0347604975104332, 0.026924598962068558, 0.031084096059203148, 0.028454653918743134, 0.03234574571251869, 0.03191573917865753, 0.029518645256757736, 0.030013401061296463, 0.025477323681116104, 0.022092079743742943, 0.02548827789723873, 0.034736260771751404, 0.027435796335339546, 0.029999990016222, 0.028556929901242256, 0.030618298798799515, 0.026577942073345184, 0.03224856033921242, 0.03127448633313179, 0.0320097990334034, 0.02893727831542492]
Variance: [0.007527714129537344, 0.006607433781027794, 0.00525049539282918, 0.0063443719409406185, 0.005448610987514257, 0.006333641242235899, 0.0057474165223538876, 0.006106420420110226, 0.007737950887531042, 0.006604717578738928, 0.005544633604586124, 0.006684341002255678, 0.006201895885169506, 0.005707126576453447, 0.006065171677619219, 0.006290566176176071, 0.0037741255946457386, 0.005030305124819279, 0.0042152609676122665, 0.00544693460687995, 0.005303074140101671, 0.004536394029855728, 0.0046897344291210175, 0.003379289759323001, 0.0025409203954041004, 0.003382196417078376, 0.006281798705458641, 0.003918799571692944, 0.004685544408857822, 0.004245617892593145, 0.004880676046013832, 0.003677566535770893, 0.005414252169430256, 0.005092115607112646, 0.005334377754479647, 0.004359465558081865]
