Data: [23714100.0, 23714100.0, 23714100.0, 24861000.0, 24861000.0, 24861000.0, 24773700.0, 24773700.0, 24773700.0, 24756970.0, 24756970.0, 24756970.0, 24222900.0, 24222900.0, 24222900.0, 25299970.0, 25299970.0, 25299970.0, 25251630.0, 25251630.0, 25251630.0, 25044670.0, 25044670.0, 25044670.0, 24412430.0, 24412430.0, 24412430.0, 25539330.0, 25539330.0, 25539330.0, 25631870.0, 25631870.0, 25631870.0, 25613800.0, 25613800.0, 25613800.0, 25209730.0, 25209730.0, 25209730.0, 26091570.0, 26091570.0, 26091570.0, 26225530.0, 26225530.0, 26225530.0, 26062000.0, 26062000.0, 26062000.0, 25542900.0, 25542900.0, 25542900.0, 26341370.0, 26341370.0, 26341370.0, 26464530.0, 26464530.0, 26464530.0, 26361970.0, 26361970.0, 26361970.0, 25747200.0, 25747200.0, 25747200.0, 26551930.0, 26551930.0, 26551930.0, 26719130.0, 26719130.0, 26719130.0, 26618170.0, 26618170.0, 26618170.0, 26100030.0, 26100030.0, 26100030.0, 26918670.0, 26918670.0, 26918670.0, 26997800.0, 26997800.0, 26997800.0, 26882830.0, 26882830.0, 26882830.0, 26283270.0, 26283270.0, 26283270.0, 27019200.0, 27019200.0, 27019200.0, 27015170.0, 27015170.0, 27015170.0, 26970630.0, 26970630.0, 26970630.0, 26460630.0, 26460630.0, 26460630.0, 27256100.0, 27256100.0, 27256100.0, 27381630.0, 27381630.0, 27381630.0, 27392430.0, 27392430.0, 27392430.0, 26748930.0, 26748930.0, 26748930.0, 26849170.0, 26849170.0, 26849170.0, 27067470.0, 27067470.0, 27067470.0, 26951770.0, 26951770.0, 26951770.0, 26368530.0, 26368530.0, 26368530.0, 27466800.0, 27466800.0, 27466800.0, 27644600.0, 27644600.0, 27644600.0, 27611230.0, 27611230.0, 27611230.0, 27369370.0, 27369370.0, 27369370.0, 28347030.0, 28347030.0, 28347030.0, 28424600.0, 28424600.0, 28424600.0, 28215500.0, 28215500.0, 28215500.0, 27766700.0, 27766700.0, 27766700.0, 28692970.0, 28692970.0, 28692970.0, 28687200.0, 28687200.0, 28687200.0, 28518330.0, 28518330.0, 28518330.0, 28060430.0, 28060430.0, 28060430.0, 28838470.0, 28838470.0, 28838470.0, 28833370.0, 28833370.0, 28833370.0, 28569800.0, 28569800.0, 28569800.0, 28215300.0, 28215300.0, 28215300.0, 29045800.0, 29045800.0, 29045800.0, 29049670.0, 29049670.0, 29049670.0, 29049670.0, 29049670.0, 29049670.0]
Forecast: [29448122.0, 29017700.0, 28619736.0, 28671528.0, 27918058.0, 28155820.0, 28270432.0, 27078026.0, 27840860.0, 28065668.0, 27966782.0, 28404578.0]
95% Confidence: [30807.490234375, 69475.046875, 105756.5546875, 94537.3515625, 94078.3828125, 66516.2890625, 94999.3046875, 183521.0625, 61784.11328125, 69849.7578125, 77743.484375, 64077.953125]
Variance: [170.09410095214844, 865.0362548828125, 2004.4312744140625, 1601.708740234375, 1586.194091796875, 792.9259643554688, 1617.4005126953125, 6035.98974609375, 684.1168823242188, 874.3924560546875, 1083.18994140625, 735.8577270507812]
