Data: [1.0, 1.0, 1.0, 1.0, 1.0, 1.0, 1.0, 1.0, 1.0, 1.0, 1.0, 1.0, 1.0, 1.0, 1.0, 1.0, 1.0, 1.0, 1.0, 1.0, 1.0, 1.0, 1.0, 1.0, 1.0, 1.0, 1.0, 1.0, 1.0, 1.0, 1.0, 1.0, 1.0, 1.0, 1.0, 1.0, 1.0, 1.0, 1.0, 1.0, 1.0, 1.0, 1.0, 1.0, 1.0, 1.0, 1.0, 1.0, 1.0, 1.0, 1.0, 1.0, 1.0, 1.0, 1.0, 1.0, 1.0, 1.0, 1.0, 1.0, 1.0, 1.0, 1.0, 1.0, 1.0, 1.0, 1.0, 1.0, 1.0, 1.0, 1.0, 1.0, 1.0, 1.0, 1.0, 1.0, 1.0, 1.0, 1.0, 1.0, 1.0, 1.0, 1.0, 1.0, 1.0, 1.0, 1.0, 1.0, 1.0, 1.0, 1.0, 1.0, 1.0, 1.0, 1.0, 1.0, 1.0, 1.0, 1.0, 1.0, 1.0, 1.0, 1.0, 1.0, 1.0, 1.0, 1.0, 1.0, 1.0, 1.0, 1.0, 1.0, 1.0, 1.0, 1.0, 1.0, 1.0, 1.0, 1.0, 1.0, 1.0, 1.0, 1.0, 1.0, 1.0, 1.0, 1.0, 1.0, 1.0, 1.0, 1.0, 1.0, 1.0, 1.0, 1.0, 1.0, 1.0, 1.0, 1.0, 1.0, 1.0, 1.0, 1.0, 1.0, 1.0, 1.0, 1.0, 1.0, 1.0, 1.0, 1.0, 1.0, 1.0, 1.0, 1.0, 1.0, 1.0, 1.0, 1.0, 1.0, 1.0, 1.0, 1.0, 1.0, 1.0, 1.0, 1.0, 1.0, 1.0, 1.0, 1.0, 1.0, 1.0, 1.0, 1.0]
Forecast: [1.0047273635864258, 0.999986469745636, 1.0006948709487915, 0.9967381358146667, 0.9945648908615112, 0.9906142354011536, 0.9980816841125488, 0.9958273768424988, 0.9947303533554077, 1.0007623434066772, 0.993895411491394, 0.9959721565246582, 0.9975167512893677, 1.0048038959503174, 0.992514431476593, 1.0010963678359985, 0.9952327013015747, 0.9900886416435242, 0.9909014701843262, 0.9831074476242065, 0.9920200109481812, 0.9938591122627258, 1.0091546773910522, 1.0024755001068115, 1.0202280282974243, 1.0270512104034424, 1.0209980010986328, 1.0318949222564697, 1.0349247455596924, 1.0379469394683838, 1.0414584875106812, 1.033339262008667, 1.0312111377716064, 1.0272798538208008, 1.0273479223251343, 1.0298726558685303]
95% Confidence: [0.0004564566188491881, 0.00014666904462501407, 0.00039520947029814124, 0.00039645322249270976, 0.000423820863943547, 0.00034035570570267737, 4.983519102097489e-05, 0.0001227987522725016, 0.00023501133546233177, 0.0001909471902763471, 0.00013169509475119412, 0.0002189604565501213, 0.0004359087033662945, 0.00040803919546306133, 3.804736115853302e-05, 0.00036701501812785864, 0.0004628941242117435, 8.642942702863365e-05, 0.00033225613879039884, 0.00032966656726785004, 5.721756679122336e-05, 0.00015866434841882437, 0.00031005521304905415, 0.0006907056667841971, 0.00022415215789806098, 0.0006663614185526967, 0.0005322502693161368, 0.00034732974017970264, 0.0001678071857895702, 0.0007516487967222929, 0.0005005151615478098, 0.00039612670661881566, 0.000305406516417861, 0.00011427160643506795, 0.00010922966612270102, 0.0004415019357111305]
Variance: [1.084718178390176e-06, 1.1199400518080438e-07, 8.131534627864312e-07, 8.182797159861366e-07, 9.351526841783198e-07, 6.030925305822166e-07, 1.2929749715340222e-08, 7.850651684293553e-08, 2.875381994726922e-07, 1.8982107974352402e-07, 9.029361791590418e-08, 2.4960269229268306e-07, 9.8925659131055e-07, 8.668054078952991e-07, 7.536451462897276e-09, 7.012704372755252e-07, 1.1155298125231639e-06, 3.889028832304575e-08, 5.747299951508467e-07, 5.658060899804696e-07, 1.7044200717464264e-08, 1.3106192398026906e-07, 5.004905574423901e-07, 2.4837272576405667e-06, 2.6157945853810816e-07, 2.3117322598409373e-06, 1.4748560488442308e-06, 6.280610023168265e-07, 1.4660166414159903e-07, 2.9413572519843e-06, 1.3042242699157214e-06, 8.169323564288788e-07, 4.855952511206851e-07, 6.798209994940407e-08, 6.211536174305365e-08, 1.014806116472755e-06]
