Data: [1.0, 1.0, 1.0, 1.0, 1.0, 1.0, 1.0, 1.0, 1.0, 1.0, 1.0, 1.0, 1.0, 1.0, 1.0, 1.0, 1.0, 1.0, 1.0, 1.0, 1.0, 1.0, 1.0, 1.0, 1.0, 1.0, 1.0, 1.0, 1.0, 1.0, 1.0, 1.0, 1.0, 1.0, 1.0, 1.0, 1.0, 1.0, 1.0, 1.0, 1.0, 1.0, 1.0, 1.0, 1.0, 1.0, 1.0, 1.0, 1.0, 1.0, 1.0, 1.0, 1.0, 1.0, 1.0, 1.0, 1.0, 1.0, 1.0, 1.0, 1.0, 1.0, 1.0, 1.0, 1.0, 1.0, 1.0, 1.0, 1.0, 1.0, 1.0, 1.0, 1.0, 1.0, 1.0, 1.0, 1.0, 1.0, 1.0, 1.0, 1.0, 1.0, 1.0, 1.0, 1.0, 1.0, 1.0, 1.0, 1.0, 1.0, 1.0, 1.0, 1.0, 1.0, 1.0, 1.0, 1.0, 1.0, 1.0, 1.0, 1.0, 1.0, 1.0, 1.0, 1.0, 1.0, 1.0, 1.0, 1.0, 1.0, 1.0, 1.0, 1.0, 1.0, 1.0, 1.0, 1.0, 1.0, 1.0, 1.0, 1.0, 1.0, 1.0, 1.0, 1.0, 1.0, 1.0, 1.0, 1.0, 1.0, 1.0, 1.0, 1.0, 1.0, 1.0, 1.0, 1.0, 1.0, 1.0, 1.0, 1.0, 1.0, 1.0, 1.0, 1.0, 1.0, 1.0, 1.0, 1.0, 1.0, 1.0, 1.0, 1.0, 1.0, 1.0, 1.0, 1.0, 1.0, 1.0, 1.0, 1.0, 1.0, 1.0, 1.0, 1.0, 1.0, 1.0, 1.0, 1.0, 1.0, 1.0, 1.0, 1.0, 1.0, 1.0]
Forecast: [1.4362910985946655, 1.2586082220077515, 1.1417714357376099, 1.3883798122406006, 1.204310655593872, 1.118898630142212, 1.0240029096603394, 0.7216417193412781, 1.3606897592544556, 1.1309669017791748, 1.3488386869430542, 1.601327896118164, 0.9643493890762329, 1.478252649307251, 1.0007685422897339, 0.9573675394058228, 1.5638195276260376, 1.8240220546722412, 1.9534437656402588, 1.6913015842437744, 1.0459678173065186, 1.212357997894287, 1.2784550189971924, 1.564467191696167, 1.236979365348816, 1.3425878286361694, 0.8916128277778625, 1.2798962593078613, 1.2964286804199219, 1.1679112911224365, 1.2687883377075195, 0.9966185688972473, 1.531770944595337, 1.6949882507324219, 1.460274577140808, 1.4896281957626343]
95% Confidence: [0.06697147339582443, 0.052876681089401245, 0.049405720084905624, 0.06343180686235428, 0.05167696997523308, 0.048354633152484894, 0.053738418966531754, 0.04109448194503784, 0.049102913588285446, 0.04764823988080025, 0.06698471307754517, 0.06151532009243965, 0.0402214378118515, 0.0642487108707428, 0.038901764899492264, 0.038338638842105865, 0.06075507774949074, 0.05721544101834297, 0.07582439482212067, 0.07209084182977676, 0.03554937243461609, 0.0508943647146225, 0.037976205348968506, 0.05951033532619476, 0.049348484724760056, 0.06625659763813019, 0.04593946412205696, 0.059578653424978256, 0.05218375101685524, 0.05184027552604675, 0.06637144833803177, 0.03621409833431244, 0.04922166094183922, 0.05075507238507271, 0.06602165102958679, 0.06065889075398445]
Variance: [0.02335057593882084, 0.014556139707565308, 0.01270785741508007, 0.020947491750121117, 0.013903110288083553, 0.012172900140285492, 0.015034453943371773, 0.00879194401204586, 0.012552562169730663, 0.011819839477539062, 0.023359807208180428, 0.019700823351740837, 0.00842234492301941, 0.021490510553121567, 0.007878732867538929, 0.0076522864401340485, 0.019216887652873993, 0.01704293303191662, 0.02993200346827507, 0.027056898921728134, 0.00657932972535491, 0.013485193252563477, 0.00750828767195344, 0.018437525257468224, 0.01267843134701252, 0.02285473234951496, 0.010987265966832638, 0.018479883670806885, 0.014177135191857815, 0.013991120271384716, 0.02293403632938862, 0.0068276808597147465, 0.012613347731530666, 0.013411481864750385, 0.022692933678627014, 0.019156085327267647]
