Data: [1.0, 1.0, 1.0, 1.0, 1.0, 1.0, 1.0, 1.0, 1.0, 1.0, 1.0, 1.0, 1.0, 1.0, 1.0, 1.0, 1.0, 1.0, 1.0, 1.0, 1.0, 1.0, 1.0, 1.0, 1.0, 1.0, 1.0, 1.0, 1.0, 1.0, 1.0, 1.0, 1.0, 1.0, 1.0, 1.0, 1.0, 1.0, 1.0, 1.0, 1.0, 1.0, 1.0, 1.0, 1.0, 1.0, 1.0, 1.0, 1.0, 1.0, 1.0, 1.0, 1.0, 1.0, 1.0, 1.0, 1.0, 1.0, 1.0, 1.0, 1.0, 1.0, 1.0, 1.0, 1.0, 1.0, 1.0, 1.0, 1.0, 1.0, 1.0, 1.0, 1.0, 1.0, 1.0, 1.0, 1.0, 1.0, 1.0, 1.0, 1.0, 1.0, 1.0, 1.0, 1.0, 1.0, 1.0, 1.0, 1.0, 1.0, 1.0, 1.0, 1.0, 1.0, 1.0, 1.0, 1.0, 1.0, 1.0, 1.0, 1.0, 1.0, 1.0, 1.0, 1.0, 1.0, 1.0, 1.0, 1.0, 1.0, 1.0, 1.0, 1.0, 1.0, 1.0, 1.0, 1.0, 1.0, 1.0, 1.0, 1.0, 1.0, 1.0, 1.0, 1.0, 1.0, 1.0, 1.0, 1.0, 1.0, 1.0, 1.0, 1.0, 1.0, 1.0, 1.0, 1.0, 1.0, 1.0, 1.0, 1.0, 1.0, 1.0, 1.0, 1.0, 1.0, 1.0, 1.0, 1.0, 1.0, 1.0, 1.0, 1.0, 1.0, 1.0, 1.0, 1.0, 1.0, 1.0, 1.0, 1.0, 1.0, 1.0, 1.0, 1.0, 1.0, 1.0, 1.0, 1.0, 1.0, 1.0, 1.0, 1.0, 1.0, 1.0]
Forecast: [1.0030040740966797, 0.9995133876800537, 0.999144971370697, 0.9952487945556641, 0.9929086565971375, 0.9892747402191162, 0.9980723857879639, 0.9963035583496094, 0.9956662654876709, 1.0000693798065186, 0.9944180846214294, 0.9968332648277283, 0.9992112517356873, 1.0063929557800293, 0.9923438429832458, 1.0025899410247803, 0.9970799684524536, 0.9903519153594971, 0.9922064542770386, 0.984426736831665, 0.9918941855430603, 0.99437415599823, 1.010363221168518, 1.0051734447479248, 1.0210957527160645, 1.029618263244629, 1.023088812828064, 1.0332870483398438, 1.0347704887390137, 1.0409774780273438, 1.0434746742248535, 1.0349143743515015, 1.0300824642181396, 1.0270382165908813, 1.0276674032211304, 1.0316517353057861]
95% Confidence: [0.00020616952679120004, 3.782406929531135e-05, 0.0002086011809296906, 0.00017386213585268706, 0.00022310791246127337, 0.0001712325174594298, 8.909406460588798e-06, 7.263537554536015e-05, 0.0001244943414349109, 7.891277346061543e-05, 7.462712528649718e-05, 0.00011617058771662414, 0.00020774660515598953, 0.00021057565754745156, 3.638377893366851e-05, 0.00022244779393076897, 0.00026405591052025557, 3.834793824353255e-05, 0.0001692940859356895, 0.00018536004063207656, 4.0445083868689835e-06, 6.861097790533677e-05, 0.00015224405797198415, 0.0003489203518256545, 0.00010318880958948284, 0.0003067134239245206, 0.00027971196686849, 0.0002015514619415626, 1.867246101028286e-05, 0.0004204163560643792, 0.00027715921169146895, 0.00023288169177249074, 0.00015723831893410534, 3.261084930272773e-05, 3.6268298572395e-05, 0.00023908267030492425]
Variance: [2.2129256649350282e-07, 7.448252237196584e-09, 2.2654337783478695e-07, 1.5737217040623364e-07, 2.5914795287462766e-07, 1.5264771491274587e-07, 4.132524045186159e-10, 2.74671894118228e-08, 8.068951729001128e-08, 3.2419954720808164e-08, 2.8994206147103796e-08, 7.026033443935376e-08, 2.246910213443698e-07, 2.308523079364022e-07, 6.891812898146554e-09, 2.5761673327906465e-07, 3.6300249917076144e-07, 7.655999390010493e-09, 1.4921117497124214e-07, 1.788751831099944e-07, 8.516269633940254e-11, 2.4507841089871363e-08, 1.206697817224267e-07, 6.338266871352971e-07, 5.543486736314662e-08, 4.897601115771977e-07, 4.073239381341409e-07, 2.114899473326659e-07, 1.8151853353742808e-09, 9.201891089105629e-07, 3.999230955287203e-07, 2.823504985371983e-07, 1.2871662136149098e-07, 5.536586300536328e-09, 6.848134503911751e-09, 2.975870927457436e-07]
