Data: [1.0, 1.0, 1.0, 1.0, 1.0, 1.0, 1.0, 1.0, 1.0, 1.0, 1.0, 1.0, 1.0, 1.0, 1.0, 1.0, 1.0, 1.0, 1.0, 1.0, 1.0, 1.0, 1.0, 1.0, 1.0, 1.0, 1.0, 1.0, 1.0, 1.0, 1.0, 1.0, 1.0, 1.0, 1.0, 1.0, 1.0, 1.0, 1.0, 1.0, 1.0, 1.0, 1.0, 1.0, 1.0, 1.0, 1.0, 1.0, 1.0, 1.0, 1.0, 1.0, 1.0, 1.0, 1.0, 1.0, 1.0, 1.0, 1.0, 1.0, 1.0, 1.0, 1.0, 1.0, 1.0, 1.0, 1.0, 1.0, 1.0, 1.0, 1.0, 1.0, 1.0, 1.0, 1.0, 1.0, 1.0, 1.0, 1.0, 1.0, 1.0, 1.0, 1.0, 1.0, 1.0, 1.0, 1.0, 1.0, 1.0, 1.0, 1.0, 1.0, 1.0, 1.0, 1.0, 1.0, 1.0, 1.0, 1.0, 1.0, 1.0, 1.0, 1.0, 1.0, 1.0, 1.0, 1.0, 1.0, 1.0, 1.0, 1.0, 1.0, 1.0, 1.0, 1.0, 1.0, 1.0, 1.0, 1.0, 1.0, 1.0, 1.0, 1.0, 1.0, 1.0, 1.0, 1.0, 1.0, 1.0, 1.0, 1.0, 1.0, 1.0, 1.0, 1.0, 1.0, 1.0, 1.0, 1.0, 1.0, 1.0, 1.0, 1.0, 1.0, 1.0, 1.0, 1.0, 1.0, 1.0, 1.0, 1.0, 1.0, 1.0, 1.0, 1.0, 1.0, 1.0, 1.0, 1.0, 1.0, 1.0, 1.0, 1.0, 1.0, 1.0, 1.0, 1.0, 1.0, 1.0, 1.0, 1.0, 1.0, 1.0, 1.0, 1.0]
Forecast: [1.0052227973937988, 1.0005807876586914, 1.0008726119995117, 0.997536301612854, 0.9948051571846008, 0.9914083480834961, 0.9988621473312378, 0.9962137937545776, 0.9941480755805969, 1.0005133152008057, 0.9936553835868835, 0.9954385757446289, 0.9965150952339172, 1.0041210651397705, 0.992518424987793, 1.0012786388397217, 0.9946848750114441, 0.990347683429718, 0.9905599355697632, 0.9832717180252075, 0.9927037358283997, 0.9944430589675903, 1.0090042352676392, 1.002051591873169, 1.019547939300537, 1.0263618230819702, 1.0192573070526123, 1.0304301977157593, 1.032810091972351, 1.0357955694198608, 1.0399882793426514, 1.0328084230422974, 1.0300499200820923, 1.0261316299438477, 1.0262314081192017, 1.0289617776870728]
95% Confidence: [0.0004876449820585549, 0.0007282521110028028, 0.00034034415148198605, 0.0008648736984468997, 0.00035365126677788794, 0.000891398114617914, 0.0011174787068739533, 0.0006466159829869866, 0.0006721511599607766, 0.000574684061575681, 0.0002532176149543375, 0.0006125858635641634, 0.0011131924111396074, 0.0007188121089711785, 5.0089478463632986e-05, 0.0006427107728086412, 0.0005605727783404291, 0.00044612446799874306, 0.0003596355381887406, 0.000592234602663666, 0.0009413036750629544, 0.0009550324757583439, 0.0002665568608790636, 0.0005838737124577165, 0.0008021228713914752, 0.0006944197812117636, 0.0021057133562862873, 0.0018257168121635914, 0.003073550295084715, 0.0025305224116891623, 0.0017195205437019467, 0.0005420275847427547, 0.0019259408582001925, 0.0017037788638845086, 0.0015352723421528935, 0.0010120593942701817]
Variance: [1.2380132830003276e-06, 2.7610951747192303e-06, 6.030516033206368e-07, 3.8942448554735165e-06, 6.511308470180666e-07, 4.136768893658882e-06, 6.501243206002982e-06, 2.176760744987405e-06, 2.352078354306286e-06, 1.7193966641571024e-06, 3.338148530929175e-07, 1.9536723812052514e-06, 6.451465651480248e-06, 2.689977236514096e-06, 1.3062035897348778e-08, 2.1505472886929056e-06, 1.6359944083887967e-06, 1.0361675322201336e-06, 6.733533268743486e-07, 1.826019456530048e-06, 4.6129352995194495e-06, 4.748474566440564e-06, 3.6991133356423234e-07, 1.7748254776961403e-06, 3.3496519336040365e-06, 2.5105105123657268e-06, 2.308427974639926e-05, 1.7353402654407546e-05, 4.918112972518429e-05, 3.333789936732501e-05, 1.5393328794743866e-05, 1.529539076727815e-06, 1.9310953575768508e-05, 1.5112778783077374e-05, 1.227124721481232e-05, 5.332488399290014e-06]
