Data: [1.0, 1.0, 1.0, 1.0, 1.0, 1.0, 1.0, 1.0, 1.0, 1.0, 1.0, 1.0, 1.0, 1.0, 1.0, 1.0, 1.0, 1.0, 1.0, 1.0, 1.0, 1.0, 1.0, 1.0, 1.0, 1.0, 1.0, 1.0, 1.0, 1.0, 1.0, 1.0, 1.0, 1.0, 1.0, 1.0, 1.0, 1.0, 1.0, 1.0, 1.0, 1.0, 1.0, 1.0, 1.0, 1.0, 1.0, 1.0, 1.0, 1.0, 1.0, 1.0, 1.0, 1.0, 1.0, 1.0, 1.0, 1.0, 1.0, 1.0, 1.0, 1.0, 1.0, 1.0, 1.0, 1.0, 1.0, 1.0, 1.0, 1.0, 1.0, 1.0, 1.0, 1.0, 1.0, 1.0, 1.0, 1.0, 1.0, 1.0, 1.0, 1.0, 1.0, 1.0, 1.0, 1.0, 1.0, 1.0, 1.0, 1.0, 1.0, 1.0, 1.0, 1.0, 1.0, 1.0, 1.0, 1.0, 1.0, 1.0, 1.0, 1.0, 1.0, 1.0, 1.0, 1.0, 1.0, 1.0, 1.0, 1.0, 1.0, 1.0, 1.0, 1.0, 1.0, 1.0, 1.0, 1.0, 1.0, 1.0, 1.0, 1.0, 1.0, 1.0, 1.0, 1.0, 1.0, 1.0, 1.0, 1.0, 1.0, 1.0, 1.0, 1.0, 1.0, 1.0, 1.0, 1.0, 1.0, 1.0, 1.0, 1.0, 1.0, 1.0, 1.0, 1.0, 1.0, 1.0, 1.0, 1.0, 1.0, 1.0, 1.0, 1.0, 1.0, 1.0, 1.0, 1.0, 1.0, 1.0, 1.0, 1.0, 1.0, 1.0, 1.0, 1.0, 1.0, 1.0, 1.0, 1.0, 1.0, 1.0, 1.0, 1.0, 1.0]
Forecast: [1.0046875476837158, 1.0002955198287964, 1.0004782676696777, 0.9969965219497681, 0.9943841099739075, 0.9909076690673828, 0.9987353086471558, 0.9963860511779785, 0.9947361946105957, 1.0005874633789062, 0.9938713312149048, 0.9957330822944641, 0.997210681438446, 1.004955530166626, 0.9924917221069336, 1.001511573791504, 0.9952778816223145, 0.9901984333992004, 0.9910141229629517, 0.9835500717163086, 0.9924769401550293, 0.9943447113037109, 1.0093122720718384, 1.0028295516967773, 1.0199369192123413, 1.027184247970581, 1.0202438831329346, 1.0312093496322632, 1.033429503440857, 1.0372545719146729, 1.0408456325531006, 1.0332224369049072, 1.0300508737564087, 1.0265357494354248, 1.0267053842544556, 1.0297062397003174]
95% Confidence: [0.0006125938380137086, 0.0008183455793187022, 0.0003444223548285663, 0.0010618810774758458, 0.0003837055410258472, 0.0010340377921238542, 0.0013221739791333675, 0.0010069787967950106, 0.0003516396682243794, 0.000250886456342414, 0.000219508889131248, 0.000767440244089812, 0.0012156810844317079, 0.00040100267506204545, 3.825167004833929e-05, 0.0005638109287247062, 0.0005724412039853632, 0.0001852501300163567, 0.00034337080433033407, 0.0006213084561750293, 0.000997715163975954, 0.0008596315747126937, 0.00027684151427820325, 0.0006115174619480968, 0.0008865536074154079, 0.00080285215517506, 0.0022351385559886694, 0.0018123391782864928, 0.00303062004968524, 0.002395899500697851, 0.0018676414620131254, 0.00073781399987638, 0.0020880873780697584, 0.0014834216563031077, 0.0014432399766519666, 0.0009587241220287979]
Variance: [1.953723540282226e-06, 3.486513378447853e-06, 6.175902740324091e-07, 5.870426321052946e-06, 7.66503319482581e-07, 5.5666096159256995e-06, 9.101126124733128e-06, 5.279082415654557e-06, 6.437446131712932e-07, 3.2769685276434757e-07, 2.508546401713829e-07, 3.0662458812003024e-06, 7.694086889387108e-06, 8.371676472052059e-07, 7.617607877818955e-09, 1.6549499832763104e-06, 1.7060020809367415e-06, 1.7866311452507944e-07, 6.138250796539069e-07, 2.0097056676604552e-06, 5.182401309866691e-06, 3.847180778393522e-06, 3.990068080383935e-07, 1.9468641312414547e-06, 4.091925802640617e-06, 3.3557453207322396e-06, 2.600918560347054e-05, 1.7100026525440626e-05, 4.781683310284279e-05, 2.9885124604334123e-05, 1.8159544197260402e-05, 2.834077122315648e-06, 2.2699447072227485e-05, 1.145637270383304e-05, 1.084413452190347e-05, 4.785256351169664e-06]
