Data: [-399.0, 1469.0001220703125, -680.0, -46.999996185302734, -3809.999755859375, -1650.0, -1505.0, -1230.0, -2419.0, -1137.0, -1629.9998779296875, -225.00001525878906, -549.0, 614.0, -64.0, -3246.0, -1569.0, -2954.0, -424.0, -2533.0, -1284.0, -1960.0, -1049.0, -1679.0, -600.0, -618.0, -827.0, -1179.0, -2691.0, -2676.0, -1503.9998779296875, -728.0, -2833.0, -4184.0, -4061.999755859375, -1433.0, -3116.0, -1984.0, -1412.9998779296875, -1721.0001220703125, -1282.0, -2072.0, -3258.0, -2533.0, -1945.0, -3133.0, -4048.0, -6440.0, -4430.0, -4048.0, -1490.0, -1365.0, -442.0000305175781, -874.0, -3309.0, -1972.0, -1881.0, -4210.0, -1757.0, -576.0, -909.0, -3126.000244140625, -3344.0, -2032.0, -426.0, -3025.0, -4666.0, -6368.00048828125, -4898.0, -1379.0, -1989.0, -2248.0, -2150.0, -1617.0, -2182.0, -999.0, -2336.0, -4182.0, -2451.0, -2592.0, -1576.0, -1156.0, -2702.0, -2110.0, -2828.0, -604.0, -3077.999755859375, -2596.0, -1927.0, -274.0, -1133.0, -2743.999755859375, -364.0, -2561.0, -2952.0, -5013.0, -8012.0, -8885.0, -8498.0, -5501.0, -3200.0, -567.0, 379.0000305175781, -2269.0, -1781.9998779296875, -1644.0, 5219.0, 7773.0, 2412.0, -1353.0, 1332.0, 8641.0, 9471.0, 4277.0, 2050.0, 1929.0001220703125, -2069.0, -1472.0001220703125, -3751.999755859375, -5798.0, -2608.0, -654.0, 3329.0, 3215.0, 4735.0, 1301.0, -2815.0, -2544.0, -3399.999755859375, 2106.0, 22.0, -1748.0, -10899.0, -7112.0, -7384.0, -5839.99951171875, -6255.0, -6375.0, -1380.0, 1478.0001220703125, 4942.0, 7253.0, 4556.0, -731.0, -1530.0, -1450.9998779296875, -1161.0, -616.0, -5454.0, -2953.000244140625, -1748.0, -3289.0, -1628.0, -5735.0, -3343.0, -3232.999755859375, -844.0, -1387.0001220703125, -2218.0, -5322.0, -3964.0, -3905.0, -2749.0, 468.9999694824219, 1327.0, -2856.000244140625, -2924.0, -1095.0, -784.0, -4946.0, -3433.000244140625, -2689.0, -2479.0, -2791.0, -3016.0]
Forecast: [10468.3818359375, 11991.1943359375, 9764.0498046875, 10782.6640625, 10765.576171875, 9484.486328125, 9291.708984375, 4668.3603515625, 11905.685546875, 8511.9990234375, 11349.5712890625, 11255.275390625, 6420.57763671875, 8113.2255859375, 7420.98974609375, 4649.25244140625, 12005.3310546875, 14689.9267578125, 13218.3974609375, 12687.2939453125, 7432.45458984375, 9339.3935546875, 9621.990234375, 10744.3291015625, 7743.86181640625, 10421.044921875, 7583.541015625, 9222.0322265625, 11517.25, 9921.966796875, 11882.9326171875, 10492.9287109375, 12795.755859375, 12983.9775390625, 11598.87109375, 14836.2177734375]
95% Confidence: [134.486083984375, 146.87661743164062, 124.67798614501953, 143.0090789794922, 118.61943817138672, 121.5821304321289, 167.71495056152344, 157.0316619873047, 149.48178100585938, 153.99649047851562, 124.34789276123047, 208.32188415527344, 84.19606018066406, 216.73861694335938, 133.55332946777344, 104.6705322265625, 182.4285125732422, 131.0306854248047, 119.50555419921875, 131.1031951904297, 122.24354553222656, 121.87317657470703, 159.16184997558594, 127.99854278564453, 117.26610565185547, 112.73078918457031, 108.81210327148438, 161.96142578125, 145.1522216796875, 155.1800994873047, 144.02452087402344, 173.9226837158203, 150.01979064941406, 129.6011962890625, 146.8821258544922, 146.84556579589844]
Variance: [8.639446258544922, 10.304728507995605, 7.425244331359863, 9.769186019897461, 6.721140384674072, 7.061072826385498, 13.436148643493652, 11.778925895690918, 10.673521041870117, 11.32798957824707, 7.385978698730469, 20.73008155822754, 3.386216878890991, 22.439014434814453, 8.520020484924316, 5.233353614807129, 15.897054672241211, 8.201194763183594, 6.8219313621521, 8.210275650024414, 7.138106822967529, 7.0949177742004395, 12.100662231445312, 7.826026439666748, 6.568650245666504, 6.070385932922363, 5.655690670013428, 12.5300931930542, 10.06418514251709, 11.502793312072754, 9.90841293334961, 14.449195861816406, 10.750490188598633, 8.023229598999023, 10.305500030517578, 10.300369262695312]
