Data: [-399.0, 1469.0, -680.0, -47.0001220703125, -3810.0, -1650.0, -1505.0, -1230.0, -2419.0, -1137.0, -1630.0, -225.0, -549.0, 614.0, -64.0, -3246.0, -1569.0, -2954.0, -424.0, -2533.0, -1284.0, -1960.0, -1049.0, -1679.0, -600.0, -618.0, -827.0, -1179.0, -2691.0, -2676.0, -1504.0, -728.0, -2833.0, -4184.0, -4062.0, -1433.0, -3116.0, -1984.0, -1413.0, -1721.0, -1282.0, -2072.0, -3258.0, -2533.0, -1945.0, -3133.0, -4048.0, -6440.0, -4430.0, -4048.0, -1490.0, -1365.0, -442.0, -873.9999389648438, -3309.0, -1972.0, -1881.0, -4210.0, -1757.0, -576.0, -909.0, -3126.0, -3344.0, -2032.0, -426.0, -3025.0, -4666.0, -6368.0, -4898.0, -1379.0, -1989.0, -2248.0, -2150.0, -1617.0, -2182.0, -999.0, -2336.0, -4182.0, -2451.0, -2592.0, -1576.0, -1156.0, -2702.0, -2110.0, -2828.0, -604.0, -3078.0, -2596.0, -1927.0, -274.0, -1133.0, -2744.0, -364.0, -2561.0, -2952.0, -5013.0, -8012.0, -8885.0, -8498.0, -5501.0, -3200.0, -567.0, 379.0, -2269.0, -1782.0, -1644.0, 5219.0, 7773.0, 2412.000244140625, -1353.0, 1332.0, 8641.0, 9471.0, 4277.0, 2050.0, 1929.0, -2069.0, -1472.0, -3752.0, -5798.0, -2608.0, -654.0, 3329.000244140625, 3214.999755859375, 4735.0, 1301.0, -2815.0, -2544.0, -3400.0, 2106.0, 22.0, -1748.0, -10898.9990234375, -7112.0, -7384.0, -5840.0, -6255.0, -6375.0, -1380.0, 1478.0, 4942.0, 7253.0, 4556.0, -731.0, -1530.0, -1451.0, -1161.0, -616.0, -5454.0, -2953.0, -1748.0, -3289.0, -1628.0, -5735.0, -3343.0, -3233.0, -844.0, -1387.0, -2218.0, -5322.0, -3964.0, -3905.0, -2749.0, 469.0, 1327.0, -2856.0, -2924.0, -1095.0, -784.0000610351562, -4946.0, -3433.0, -2689.0, -2479.0, -2791.0, -3016.0]
Forecast: [-3022.421875, -3012.68896484375, -3020.82275390625, -3032.15625, -3041.54638671875, -3046.365966796875, -3018.58056640625, -3013.08837890625, -3010.625244140625, -3016.23193359375, -3022.78466796875, -3005.056640625, -3021.30078125, -3020.9912109375, -3044.8681640625, -2986.44677734375, -3019.33251953125, -3020.03857421875, -3041.70458984375, -3045.04296875, -3019.240478515625, -3009.3154296875, -2996.68701171875, -2975.212646484375, -2968.5029296875, -2918.6396484375, -2944.335693359375, -2918.107421875, -2937.834228515625, -2881.304443359375, -2890.0244140625, -2923.94921875, -2949.96826171875, -2938.9384765625, -2932.1591796875, -2923.16845703125]
95% Confidence: [8.076539993286133, 5.221494197845459, 4.641922950744629, 3.8195717334747314, 4.2685370445251465, 4.305210590362549, 5.815870761871338, 11.217719078063965, 12.47337532043457, 7.634873390197754, 8.096003532409668, 11.227094650268555, 4.228180408477783, 12.462087631225586, 7.6100616455078125, 11.701960563659668, 3.525432825088501, 12.228330612182617, 7.415719509124756, 8.869670867919922, 12.138924598693848, 8.995807647705078, 11.172306060791016, 10.918904304504395, 9.780447959899902, 8.312126159667969, 11.056962966918945, 6.537389278411865, 12.339665412902832, 16.386327743530273, 6.237682342529297, 4.634582996368408, 9.77859115600586, 8.521025657653809, 11.228800773620605, 9.407722473144531]
Variance: [339.6006774902344, 141.94088745117188, 112.17955780029297, 75.9533920288086, 94.85843658447266, 96.49542236328125, 176.09515380859375, 655.1292114257812, 810.0016479492188, 303.4740295410156, 341.23944091796875, 656.2247924804688, 93.07324981689453, 808.5362548828125, 301.5047607421875, 712.9105224609375, 64.70572662353516, 778.488525390625, 286.3020324707031, 409.574462890625, 767.1463623046875, 421.3064880371094, 649.8355712890625, 620.6917724609375, 498.0068664550781, 359.7013244628906, 636.4869995117188, 222.49826049804688, 792.728759765625, 1397.916259765625, 202.56500244140625, 111.8250732421875, 497.81787109375, 378.0085144042969, 656.4241333007812, 460.7728271484375]
