Data: [130837.0, 131056.0078125, 131282.0, 131597.0, 131704.0, 131931.0, 131993.0, 132125.0, 132344.0, 132553.0, 132690.0, 132888.0, 133245.0, 133508.0, 133748.0, 133825.0, 133933.0, 134012.0, 134157.0, 134338.0, 134517.0, 134668.0, 134825.0, 135074.0, 135257.0, 135545.0, 135689.0, 135873.0, 136095.0, 136279.0, 136391.0, 136646.0, 136821.0, 137041.0, 137316.0, 137373.0, 137561.0, 137712.0, 137985.0, 138297.0, 138512.0, 138849.0, 139073.0, 139269.0, 139563.0, 139797.0, 140090.0, 140364.0, 140568.0, 140827.0, 140923.0, 141196.0, 141538.0, 141709.0, 141991.0, 142125.0, 142275.0, 142579.0, 142808.0, 143077.0, 143210.0, 143407.0, 143662.0, 143855.0, 143900.0, 144146.0, 144520.0, 144662.0, 144967.0, 145066.0, 145183.0, 145408.0, 145628.0, 145848.0, 145969.0, 146174.0, 146380.0, 146583.0, 146772.0, 146919.0, 147007.0, 147150.0, 147373.0, 147523.0, 147660.0, 148054.0, 148280.0, 148422.0, 148740.0, 148959.0, 149020.0, 149279.0, 149358.0, 149526.0, 149617.0, 149809.0, 150059.0, 150065.0, 150295.0, 150593.0, 150621.0, 150839.0, 150936.0, 151171.0, 151365.0, 151460.0, 151668.0, 151795.0, 152031.0, 152292.0, 150895.0, 130424.0078125, 133040.0, 137671.0, 139255.0, 140819.0, 141770.0, 142461.0, 142731.0, 142548.0, 142913.0, 143422.0, 144246.0, 144611.0, 145032.0, 145828.0, 146759.0, 147246.0, 147712.0, 148569.0, 149206.0, 149781.0, 150006.0, 150875.0, 151346.0, 151651.0, 151892.0, 152353.0, 153049.0, 153286.0, 153513.0, 153913.0, 154210.0, 154336.0, 154780.0, 155086.0, 155171.0, 155387.0, 155614.0, 155871.0, 156019.0, 156176.0, 156334.0, 156520.0, 156661.0, 156930.0, 157049.0, 157271.0, 157517.0, 157635.0, 157828.0, 157915.0, 158003.0, 158074.0, 158314.0, 158358.0, 158619.0, 158942.0, 159053.0, 159155.0, 159275.0, 159433.0, 159452.0, 159439.0, 159511.0, 159485.0, 159593.0, 159420.0, 159476.0, 159526.0]
Forecast: [160586.375, 159886.65625, 159759.609375, 159460.921875, 158824.953125, 158552.796875, 159780.71875, 159484.78125, 158828.96875, 159820.75, 158574.515625, 158632.484375, 158655.09375, 160354.4375, 158314.421875, 159847.0625, 158522.25, 157949.0, 158004.625, 157056.75, 158679.796875, 158644.484375, 160754.765625, 159803.890625, 162397.25, 163546.734375, 162105.09375, 164019.8125, 164099.265625, 164779.5625, 165491.578125, 164549.875, 163703.3125, 163519.0625, 163567.125, 164016.71875]
95% Confidence: [361.5382995605469, 419.9481506347656, 194.736328125, 491.27996826171875, 205.04319763183594, 612.2808227539062, 632.457763671875, 860.44580078125, 436.8807373046875, 379.21197509765625, 137.97703552246094, 243.83065795898438, 474.5024719238281, 275.6268005371094, 47.63753890991211, 207.79208374023438, 238.6051483154297, 74.84911346435547, 69.3548583984375, 303.9383850097656, 487.3587951660156, 192.28408813476562, 379.43975830078125, 119.88943481445312, 383.2138366699219, 299.77691650390625, 745.6036376953125, 568.906494140625, 1020.4334716796875, 749.4215087890625, 637.6539306640625, 309.2549133300781, 927.3236083984375, 353.4773254394531, 319.349853515625, 249.2866668701172]
Variance: [4.263955593109131, 5.753012657165527, 1.2370803356170654, 7.873395919799805, 1.371496558189392, 12.229403495788574, 13.048696517944336, 24.151887893676758, 6.226297855377197, 4.691029071807861, 0.6210373044013977, 1.9394594430923462, 7.344817638397217, 2.478259801864624, 0.07402912527322769, 1.4085166454315186, 1.8572214841842651, 0.1827583760023117, 0.15691259503364563, 3.0135276317596436, 7.748213291168213, 1.2061206102371216, 4.696665287017822, 0.4688844382762909, 4.790561199188232, 2.931570291519165, 18.135107040405273, 10.558100700378418, 33.96826934814453, 18.321300506591797, 13.26398754119873, 3.119874954223633, 28.052181243896484, 4.075933933258057, 3.3268821239471436, 2.027225971221924]
