Data: [1.0, 1.0, 1.0, 1.0, 1.0, 1.0, 1.0, 1.0, 1.0, 1.0, 1.0, 1.0, 1.0, 1.0, 1.0, 1.0, 1.0, 1.0, 1.0, 1.0, 1.0, 1.0, 1.0, 1.0, 1.0, 1.0, 1.0, 1.0, 1.0, 1.0, 1.0, 1.0, 1.0, 1.0, 1.0, 1.0, 1.0, 1.0, 1.0, 1.0, 1.0, 1.0, 1.0, 1.0, 1.0, 1.0, 1.0, 1.0, 1.0, 1.0, 1.0, 1.0, 1.0, 1.0, 1.0, 1.0, 1.0, 1.0, 1.0, 1.0, 1.0, 1.0, 1.0, 1.0, 1.0, 1.0, 1.0, 1.0, 1.0, 1.0, 1.0, 1.0, 1.0, 1.0, 1.0, 1.0, 1.0, 1.0, 1.0, 1.0, 1.0, 1.0, 1.0, 1.0, 1.0, 1.0, 1.0, 1.0, 1.0, 1.0, 1.0, 1.0, 1.0, 1.0, 1.0, 1.0, 1.0, 1.0, 1.0, 1.0, 1.0, 1.0, 1.0, 1.0, 1.0, 1.0, 1.0, 1.0, 1.0, 1.0, 1.0, 1.0, 1.0, 1.0, 1.0, 1.0, 1.0, 1.0, 1.0, 1.0, 1.0, 1.0, 1.0, 1.0, 1.0, 1.0, 1.0, 1.0, 1.0, 1.0, 1.0, 1.0, 1.0, 1.0, 1.0, 1.0, 1.0, 1.0, 1.0, 1.0, 1.0, 1.0, 1.0, 1.0, 1.0, 1.0, 1.0, 1.0, 1.0, 1.0, 1.0, 1.0, 1.0, 1.0, 1.0, 1.0, 1.0, 1.0, 1.0, 1.0, 1.0, 1.0, 1.0, 1.0, 1.0, 1.0, 1.0, 1.0, 1.0, 1.0, 1.0, 1.0, 1.0, 1.0, 1.0]
Forecast: [1.4269959926605225, 1.2592694759368896, 1.1359435319900513, 1.4114278554916382, 1.2011981010437012, 1.1694977283477783, 0.985001266002655, 0.7237774133682251, 1.3962446451187134, 1.1166118383407593, 1.3163920640945435, 1.6111071109771729, 0.9507533311843872, 1.5216500759124756, 0.987326443195343, 0.9387211799621582, 1.5296275615692139, 1.8164021968841553, 1.9534885883331299, 1.6805546283721924, 1.0404515266418457, 1.2297453880310059, 1.2749425172805786, 1.5572655200958252, 1.2381342649459839, 1.399629831314087, 0.8930805325508118, 1.3036311864852905, 1.3153096437454224, 1.173156976699829, 1.3229739665985107, 0.9637647867202759, 1.5515012741088867, 1.6913036108016968, 1.4754136800765991, 1.5141757726669312]
95% Confidence: [0.05226095765829086, 0.06331563740968704, 0.0652296170592308, 0.05731777846813202, 0.05833487957715988, 0.042485352605581284, 0.03981665521860123, 0.05675117298960686, 0.056182026863098145, 0.05130258575081825, 0.05293506011366844, 0.08006557822227478, 0.052507173269987106, 0.07199245691299438, 0.039625536650419235, 0.047390200197696686, 0.06737007945775986, 0.07367780059576035, 0.06565418094396591, 0.059826888144016266, 0.03997403383255005, 0.06419575959444046, 0.04614757001399994, 0.0632714331150055, 0.04855634644627571, 0.07689669728279114, 0.04597935825586319, 0.06314060091972351, 0.052088916301727295, 0.06695777922868729, 0.053054794669151306, 0.030346058309078217, 0.061390530318021774, 0.055557020008563995, 0.0675760880112648, 0.038631096482276917]
Variance: [0.014219116419553757, 0.020870840176939964, 0.022151721641421318, 0.017103957012295723, 0.017716357484459877, 0.009397153742611408, 0.008253675885498524, 0.016767468303442, 0.016432838514447212, 0.013702391646802425, 0.01458829827606678, 0.03337409347295761, 0.014353412203490734, 0.026983099058270454, 0.008174631744623184, 0.011692165397107601, 0.023629359900951385, 0.02826123684644699, 0.022441020235419273, 0.018634198233485222, 0.008319051936268806, 0.021455099806189537, 0.011087036691606045, 0.020841699093580246, 0.012274670414626598, 0.03078457899391651, 0.011006359942257404, 0.020755602046847343, 0.014125652611255646, 0.023341024294495583, 0.014654368162155151, 0.00479426933452487, 0.019620977342128754, 0.016069255769252777, 0.02377409301698208, 0.007769478019326925]
