Data: [1.0, 1.0, 1.0, 1.0, 1.0, 1.0, 1.0, 1.0, 1.0, 1.0, 1.0, 1.0, 1.0, 1.0, 1.0, 1.0, 1.0, 1.0, 1.0, 1.0, 1.0, 1.0, 1.0, 1.0, 1.0, 1.0, 1.0, 1.0, 1.0, 1.0, 1.0, 1.0, 1.0, 1.0, 1.0, 1.0, 1.0, 1.0, 1.0, 1.0, 1.0, 1.0, 1.0, 1.0, 1.0, 1.0, 1.0, 1.0, 1.0, 1.0, 1.0, 1.0, 1.0, 1.0, 1.0, 1.0, 1.0, 1.0, 1.0, 1.0, 1.0, 1.0, 1.0, 1.0, 1.0, 1.0, 1.0, 1.0, 1.0, 1.0, 1.0, 1.0, 1.0, 1.0, 1.0, 1.0, 1.0, 1.0, 1.0, 1.0, 1.0, 1.0, 1.0, 1.0, 1.0, 1.0, 1.0, 1.0, 1.0, 1.0, 1.0, 1.0, 1.0, 1.0, 1.0, 1.0, 1.0, 1.0, 1.0, 1.0, 1.0, 1.0, 1.0, 1.0, 1.0, 1.0, 1.0, 1.0, 1.0, 1.0, 1.0, 1.0, 1.0, 1.0, 1.0, 1.0, 1.0, 1.0, 1.0, 1.0, 1.0, 1.0, 1.0, 1.0, 1.0, 1.0, 1.0, 1.0, 1.0, 1.0, 1.0, 1.0, 1.0, 1.0, 1.0, 1.0, 1.0, 1.0, 1.0, 1.0, 1.0, 1.0, 1.0, 1.0, 1.0, 1.0, 1.0, 1.0, 1.0, 1.0, 1.0, 1.0, 1.0, 1.0, 1.0, 1.0, 1.0, 1.0, 1.0, 1.0, 1.0, 1.0, 1.0, 1.0, 1.0, 1.0, 1.0, 1.0, 1.0, 1.0, 1.0, 1.0, 1.0, 1.0, 1.0]
Forecast: [1.0056571960449219, 1.0009832382202148, 1.000986099243164, 0.9981943368911743, 0.9951145052909851, 0.9920603036880493, 0.9996349215507507, 0.9968622922897339, 0.9941537976264954, 1.0007212162017822, 0.9935986399650574, 0.9949145317077637, 0.9957977533340454, 1.0041872262954712, 0.9925640821456909, 1.0012058019638062, 0.9942828416824341, 0.9902633428573608, 0.9903769493103027, 0.9834250211715698, 0.9931847453117371, 0.9946116209030151, 1.0088179111480713, 1.0016647577285767, 1.0190811157226562, 1.0258194208145142, 1.017951250076294, 1.029499888420105, 1.0315093994140625, 1.0345940589904785, 1.0389435291290283, 1.032260537147522, 1.0291380882263184, 1.02565598487854, 1.0256736278533936, 1.0283786058425903]
95% Confidence: [0.0007557599456049502, 0.001124346163123846, 0.00024977693101391196, 0.0014517195522785187, 0.0003779166436288506, 0.0014647621428593993, 0.0019413488917052746, 0.0015234432648867369, 0.000556880549993366, 0.00034883685293607414, 0.00023775843146722764, 0.0011219618609175086, 0.0016879559261724353, 0.0005312039284035563, 0.00011881049431394786, 0.0005651366082020104, 0.0007282241713255644, 0.00028917627059854567, 0.0003789776819758117, 0.0007733781239949167, 0.001387431169860065, 0.0010645742295309901, 0.00021574244601652026, 0.0005378813366405666, 0.0011873961193487048, 0.0009390262421220541, 0.0032114561181515455, 0.002567419083788991, 0.0042236982844769955, 0.003306696889922023, 0.0026199351996183395, 0.0009921820601448417, 0.0028916869778186083, 0.00203586439602077, 0.0019421086180955172, 0.0013771738158538938]
Variance: [2.9736213491560193e-06, 6.581394245586125e-06, 3.2480485856467567e-07, 1.0971937626891304e-05, 7.435493785123981e-07, 1.1169971912750043e-05, 1.962117494258564e-05, 1.2082879948138725e-05, 1.6145141898959992e-06, 6.335232001219993e-07, 2.942996104593476e-07, 6.553511411766522e-06, 1.4833377463219222e-05, 1.4690627949676127e-06, 7.348987196564849e-08, 1.6627417380732368e-06, 2.7608830350800417e-06, 4.3535456484278257e-07, 7.477304961867048e-07, 3.113878392468905e-06, 1.0021684829553124e-05, 5.9002404668717645e-06, 2.423198850465269e-07, 1.5062285001476994e-06, 7.3402206908212975e-06, 4.5906413106422406e-06, 5.3693511290475726e-05, 3.4317170502617955e-05, 9.2876041890122e-05, 5.692547347280197e-05, 3.573542198864743e-05, 5.125079951540101e-06, 4.3533182179089636e-05, 2.1578214727924205e-05, 1.963653448910918e-05, 9.874052011582535e-06]
