Data: [1.0, 1.0, 1.0, 1.0, 1.0, 1.0, 1.0, 1.0, 1.0, 1.0, 1.0, 1.0, 1.0, 1.0, 1.0, 1.0, 1.0, 1.0, 1.0, 1.0, 1.0, 1.0, 1.0, 1.0, 1.0, 1.0, 1.0, 1.0, 1.0, 1.0, 1.0, 1.0, 1.0, 1.0, 1.0, 1.0, 1.0, 1.0, 1.0, 1.0, 1.0, 1.0, 1.0, 1.0, 1.0, 1.0, 1.0, 1.0, 1.0, 1.0, 1.0, 1.0, 1.0, 1.0, 1.0, 1.0, 1.0, 1.0, 1.0, 1.0, 1.0, 1.0, 1.0, 1.0, 1.0, 1.0, 1.0, 1.0, 1.0, 1.0, 1.0, 1.0, 1.0, 1.0, 1.0, 1.0, 1.0, 1.0, 1.0, 1.0, 1.0, 1.0, 1.0, 1.0, 1.0, 1.0, 1.0, 1.0, 1.0, 1.0, 1.0, 1.0, 1.0, 1.0, 1.0, 1.0, 1.0, 1.0, 1.0, 1.0, 1.0, 1.0, 1.0, 1.0, 1.0, 1.0, 1.0, 1.0, 1.0, 1.0, 1.0, 1.0, 1.0, 1.0, 1.0, 1.0, 1.0, 1.0, 1.0, 1.0, 1.0, 1.0, 1.0, 1.0, 1.0, 1.0, 1.0, 1.0, 1.0, 1.0, 1.0, 1.0, 1.0, 1.0, 1.0, 1.0, 1.0, 1.0, 1.0, 1.0, 1.0, 1.0, 1.0, 1.0, 1.0, 1.0, 1.0, 1.0, 1.0, 1.0, 1.0, 1.0, 1.0, 1.0, 1.0, 1.0, 1.0, 1.0, 1.0, 1.0, 1.0, 1.0, 1.0, 1.0, 1.0, 1.0, 1.0, 1.0, 1.0, 1.0, 1.0, 1.0, 1.0, 1.0, 1.0]
Forecast: [1.005259394645691, 1.0005109310150146, 1.0009291172027588, 0.9975336790084839, 0.9948571920394897, 0.9913961291313171, 0.9987975358963013, 0.9961639642715454, 0.9941678047180176, 1.0005784034729004, 0.9936791658401489, 0.9954484701156616, 0.9965329170227051, 1.0041301250457764, 0.9925251007080078, 1.0011622905731201, 0.9946176409721375, 0.9903024435043335, 0.9905117750167847, 0.9832011461257935, 0.9926573038101196, 0.9943224191665649, 1.0089213848114014, 1.001943588256836, 1.0195717811584473, 1.0263197422027588, 1.0193002223968506, 1.0305054187774658, 1.0330430269241333, 1.0358660221099854, 1.040056586265564, 1.0327725410461426, 1.030224084854126, 1.0262839794158936, 1.0263391733169556, 1.0289603471755981]
95% Confidence: [0.0004802660259883851, 0.0006720457458868623, 0.00029503661789931357, 0.0008689967216923833, 0.0003122798225376755, 0.0008755590533837676, 0.0010905759409070015, 0.0006594859878532588, 0.0006230202270671725, 0.0004910265561193228, 0.00021443580044433475, 0.0006256999331526458, 0.0010886010713875294, 0.0006635069148615003, 5.6816061260178685e-05, 0.0005302358767949045, 0.0005469173192977905, 0.0003909145016223192, 0.00035926897544413805, 0.0005342804361134768, 0.0008971417555585504, 0.0008438855293206871, 0.00023530014732386917, 0.0005176576087251306, 0.0007813849952071905, 0.0006553539424203336, 0.002077230019494891, 0.0017407695995643735, 0.0028895167633891106, 0.00240798806771636, 0.0016652608755975962, 0.0005629491060972214, 0.0018086039926856756, 0.0015695149777457118, 0.00144647853448987, 0.0009709824225865304]
Variance: [1.2008301837340696e-06, 2.3513402993557975e-06, 4.5317898411667557e-07, 3.931462742912117e-06, 5.076983029539406e-07, 3.991065113950754e-06, 6.191981810843572e-06, 2.2642741441813996e-06, 2.0207946818118216e-06, 1.2552429780043894e-06, 2.393935574218631e-07, 2.0382153707032558e-06, 6.169576408865396e-06, 2.2919689399714116e-06, 1.6805836722255663e-08, 1.463713715565973e-06, 1.5572604752378538e-06, 7.955756586852658e-07, 6.71981410960143e-07, 1.4861284398648422e-06, 4.190250820101937e-06, 3.7075317322887713e-06, 2.8824530318161123e-07, 1.3950927950645564e-06, 3.1786883027962176e-06, 2.235989086329937e-06, 2.246399708383251e-05, 1.5776127838762477e-05, 4.346786590758711e-05, 3.0187457014108077e-05, 1.4437180652748793e-05, 1.6498943296028301e-06, 1.702961526461877e-05, 1.2824745681427885e-05, 1.089285797206685e-05, 4.908406936010579e-06]
