Data: [3837862.25, 3837862.25, 3837862.25, 3889385.0, 3889385.0, 3889385.0, 3911920.0, 3911920.0, 3911920.0, 3960564.75, 3960564.75, 3960564.75, 4017201.5, 4017201.5, 4017201.5, 4051778.75, 4051778.75, 4051778.75, 4079885.25, 4079885.25, 4079885.25, 4105105.0, 4105105.0, 4105105.0, 4162047.25, 4162047.25, 4162047.25, 4182171.75, 4182171.75, 4182171.75, 4238459.5, 4238459.5, 4238459.5, 4298005.0, 4298005.0, 4298005.0, 4299434.5, 4299434.5, 4299434.5, 4379627.0, 4379627.0, 4379627.0, 4451057.0, 4451057.0, 4451057.0, 4478020.0, 4478020.0, 4478020.0, 4515882.0, 4515882.0, 4515882.0, 4569946.0, 4569946.0, 4569946.0, 4600406.5, 4600406.5, 4600406.5, 4608784.5, 4608784.5, 4608784.5, 4631483.5, 4631483.5, 4631483.5, 4677925.5, 4677925.5, 4677925.5, 4723160.0, 4723160.0, 4723160.0, 4772345.0, 4772345.0, 4772345.0, 4820021.0, 4820021.0, 4820021.0, 4859661.0, 4859661.0, 4859661.0, 4923149.0, 4923149.0, 4923149.0, 5009272.5, 5009272.5, 5009272.5, 5082138.5, 5082138.5, 5082138.5, 5145228.5, 5145228.5, 5145228.5, 5199682.5, 5199682.5, 5199682.5, 5229467.0, 5229467.0, 5229467.0, 5277900.0, 5277900.0, 5277900.0, 5349484.5, 5349484.5, 5349484.5, 5429293.0, 5429293.0, 5429293.0, 5483304.5, 5483304.5, 5483304.5, 5437809.5, 5437809.5, 5437809.5, 4989573.0, 4989573.0, 4989573.0, 5426109.0, 5426109.0, 5426109.0, 5521790.0, 5521790.0, 5521790.0, 5670173.5, 5670173.5, 5670173.5, 5856478.0, 5856478.0, 5856478.0, 5995595.0, 5995595.0, 5995595.0, 6203400.0, 6203400.0, 6203400.0, 6312587.0, 6312587.0, 6312587.0, 6465323.0, 6465323.0, 6465323.0, 6584076.0, 6584076.0, 6584076.0, 6692628.5, 6692628.5, 6692628.5, 6804111.5, 6804111.5, 6804111.5, 6882514.0, 6882514.0, 6882514.0, 7018711.5, 7018711.5, 7018711.5, 7106180.5, 7106180.5, 7106180.5, 7177040.5, 7177040.5, 7177040.5, 7286761.0, 7286761.0, 7286761.0, 7377916.5, 7377916.5, 7377916.5, 7456295.5, 7456295.5, 7456295.5, 7510528.5, 7510528.5, 7510528.5, 7621432.5, 7621432.5, 7621432.5, 7774507.0, 7774507.0, 7774507.0, 7774507.0, 7774507.0, 7774507.0]
Forecast: [7816413.0, 7779952.0, 7781273.5, 7757106.5, 7735338.5, 7709868.5, 7768878.0, 7749065.5, 7731431.0, 7780366.0, 7725599.0, 7737221.5, 7745443.5, 7809126.5, 7716383.0, 7784168.0, 7731914.5, 7698390.5, 7700898.5, 7645594.5, 7719593.5, 7730560.0, 7843532.0, 7790104.0, 7925450.0, 7978437.0, 7920856.0, 8009233.0, 8026363.0, 8051386.5, 8083212.5, 8027862.5, 8004554.0, 7977945.5, 7978456.0, 7998549.0]
95% Confidence: [6819.494140625, 7988.8212890625, 2406.015869140625, 10950.6884765625, 4266.41650390625, 11528.12109375, 14352.751953125, 12805.255859375, 3493.452392578125, 3127.639892578125, 1684.095947265625, 8458.3330078125, 12979.6708984375, 5079.34423828125, 371.3133850097656, 3426.535400390625, 6392.52783203125, 1981.72216796875, 3294.789306640625, 5255.00146484375, 9968.0595703125, 5742.3212890625, 2770.977294921875, 4929.640625, 8461.3515625, 8109.56396484375, 22359.658203125, 17326.39453125, 28078.78125, 22449.8359375, 18552.47265625, 7823.99560546875, 19775.865234375, 11769.2509765625, 11391.375, 10168.880859375]
Variance: [31.142210006713867, 42.73762130737305, 3.876518487930298, 80.30227661132812, 12.189094543457031, 88.99427795410156, 137.94798278808594, 109.80484771728516, 8.172494888305664, 6.55056095123291, 1.899234652519226, 47.908721923828125, 112.8164291381836, 17.27667808532715, 0.09232645481824875, 7.862405776977539, 27.36467170715332, 2.629847288131714, 7.269428253173828, 18.49228858947754, 66.53746032714844, 22.081064224243164, 5.141750335693359, 16.27329444885254, 47.94292068481445, 44.03925323486328, 334.79217529296875, 201.03025817871094, 527.9605712890625, 337.498046875, 230.48809814453125, 40.99229049682617, 261.88818359375, 92.7561264038086, 86.8954849243164, 69.24545288085938]
