Data: [3837862.25, 3837862.25, 3837862.25, 3889385.0, 3889385.0, 3889385.0, 3911920.0, 3911920.0, 3911920.0, 3960564.75, 3960564.75, 3960564.75, 4017201.5, 4017201.5, 4017201.5, 4051778.75, 4051778.75, 4051778.75, 4079885.25, 4079885.25, 4079885.25, 4105105.0, 4105105.0, 4105105.0, 4162047.25, 4162047.25, 4162047.25, 4182171.75, 4182171.75, 4182171.75, 4238459.5, 4238459.5, 4238459.5, 4298005.0, 4298005.0, 4298005.0, 4299434.5, 4299434.5, 4299434.5, 4379627.0, 4379627.0, 4379627.0, 4451057.0, 4451057.0, 4451057.0, 4478020.0, 4478020.0, 4478020.0, 4515882.0, 4515882.0, 4515882.0, 4569946.0, 4569946.0, 4569946.0, 4600406.5, 4600406.5, 4600406.5, 4608784.5, 4608784.5, 4608784.5, 4631483.5, 4631483.5, 4631483.5, 4677925.5, 4677925.5, 4677925.5, 4723160.0, 4723160.0, 4723160.0, 4772345.0, 4772345.0, 4772345.0, 4820021.0, 4820021.0, 4820021.0, 4859661.0, 4859661.0, 4859661.0, 4923149.0, 4923149.0, 4923149.0, 5009272.5, 5009272.5, 5009272.5, 5082138.5, 5082138.5, 5082138.5, 5145228.5, 5145228.5, 5145228.5, 5199682.5, 5199682.5, 5199682.5, 5229467.0, 5229467.0, 5229467.0, 5277900.0, 5277900.0, 5277900.0, 5349484.5, 5349484.5, 5349484.5, 5429293.0, 5429293.0, 5429293.0, 5483304.5, 5483304.5, 5483304.5, 5437809.5, 5437809.5, 5437809.5, 4989573.0, 4989573.0, 4989573.0, 5426109.0, 5426109.0, 5426109.0, 5521790.0, 5521790.0, 5521790.0, 5670173.5, 5670173.5, 5670173.5, 5856478.0, 5856478.0, 5856478.0, 5995595.0, 5995595.0, 5995595.0, 6203400.0, 6203400.0, 6203400.0, 6312587.0, 6312587.0, 6312587.0, 6465323.0, 6465323.0, 6465323.0, 6584076.0, 6584076.0, 6584076.0, 6692628.5, 6692628.5, 6692628.5, 6804111.5, 6804111.5, 6804111.5, 6882514.0, 6882514.0, 6882514.0, 7018711.5, 7018711.5, 7018711.5, 7106180.5, 7106180.5, 7106180.5, 7177040.5, 7177040.5, 7177040.5, 7286761.0, 7286761.0, 7286761.0, 7377916.5, 7377916.5, 7377916.5, 7456295.5, 7456295.5, 7456295.5, 7510528.5, 7510528.5, 7510528.5, 7621432.5, 7621432.5, 7621432.5, 7774507.0, 7774507.0, 7774507.0, 7774507.0, 7774507.0, 7774507.0]
Forecast: [7877777.0, 7754679.5, 7641577.5, 7667447.5, 7466542.0, 7536211.0, 7566620.0, 7225495.5, 7438653.0, 7505017.5, 7486116.0, 7614409.0]
95% Confidence: [6384.7412109375, 15435.7216796875, 40380.46875, 23939.8671875, 25580.951171875, 19277.501953125, 32254.51171875, 49348.53125, 18691.818359375, 17423.970703125, 25213.7265625, 21858.017578125]
Variance: [27.29804801940918, 159.55075073242188, 1091.9119873046875, 383.78546142578125, 438.2060241699219, 248.85504150390625, 696.6681518554688, 1630.7724609375, 233.9635009765625, 203.3008575439453, 425.71514892578125, 319.9385070800781]
