Data: [-48122.99609375, -44753.0, -44312.0, -42685.0, -47725.0, -49882.0, -46070.0, -45052.0, -43477.0, -45509.0, -47460.0, -49473.0, -50126.0, -42780.0, -49749.0, -46842.0, -45106.0, -42941.0, -42406.0, -44030.0, -38794.0, -41467.0, -45332.0, -36334.0, -40135.0, -41004.0, -34314.0, -38487.0, -41701.0, -34426.0, -36356.0, -36617.0, -39917.0, -36285.0, -33983.0, -33636.0, -37433.0, -40119.0, -42940.0, -43735.0, -39575.0, -38894.99609375, -38935.0, -36935.0, -41672.0, -41067.0, -39808.0, -42838.0, -38865.0, -33903.0, -48732.0, -39836.0, -38502.0, -42425.0, -40340.0, -44205.0, -41641.0, -40873.0, -40451.0, -41003.0, -40044.0, -43306.0, -36801.0, -38048.0, -39032.0, -41719.0, -39931.0, -40146.0, -37004.0, -38555.0, -43896.0, -40976.0, -43556.0, -39785.0, -41124.0, -44227.0, -43985.0, -42579.0, -43854.0, -41391.0, -41593.0, -42848.0, -45463.0, -46535.0, -46993.0, -48714.0, -43514.0, -46306.0, -41635.0, -44928.0, -49560.0, -49301.0, -50245.0, -52160.0, -49143.0, -54997.0, -48785.0, -47570.0, -48154.0, -49768.99609375, -51047.0, -48703.0, -48436.0, -48676.0, -44400.0, -41304.99609375, -38786.0, -43639.0, -43562.0, -39931.0, -42374.0, -51888.0, -53995.0, -49161.0, -58882.0, -61843.0, -57002.0, -61126.0, -64349.0, -61928.0, -62826.0, -65630.0, -65658.0, -65115.0, -65779.0, -71187.0, -69169.0, -72588.0, -74657.0, -66003.0, -79425.0, -79238.0, -83599.0, -84685.0, -99398.0, -82878.0, -82157.0, -79785.0, -68396.0, -66959.0, -67781.0, -74773.0, -62798.0, -70521.0, -68800.0, -69202.0, -58587.0, -71110.0, -65814.0, -65163.0, -63759.0, -59165.0, -59565.0, -64100.0, -65053.0, -63888.0, -67077.0, -66431.0, -66266.0, -73110.0, -74456.0, -73892.0, -78639.0, -71214.0, -81498.0, -74250.0, -79752.0, -96948.0, -128801.0, -120278.0, -136419.0, -60574.0, -71052.0, -58185.0, -74399.0, -55629.0, -48137.0, -29206.0, -56825.0, -56825.0]
Forecast: [-57035.31640625, -56578.8515625, -57005.9765625, -57601.3984375, -57974.44921875, -58447.43359375, -56753.19140625, -57074.703125, -57308.5546875, -57017.68359375, -57287.78515625, -56871.77734375, -57171.234375, -56514.21484375, -57882.84765625, -55976.6953125, -57058.734375, -57371.3046875, -58067.87109375, -58532.265625, -57561.37109375, -57030.02734375, -55624.80859375, -55574.4296875, -54335.05078125, -52415.57421875, -53623.36328125, -52571.31640625, -52862.1640625, -51258.20703125, -51241.6640625, -52374.30078125, -53518.05078125, -53600.75, -53546.37890625, -52484.828125]
95% Confidence: [288.8726806640625, 192.3773651123047, 175.65316772460938, 146.55316162109375, 186.8070526123047, 153.36245727539062, 250.52655029296875, 223.92626953125, 276.5793762207031, 231.26528930664062, 232.15916442871094, 249.0995635986328, 144.42071533203125, 349.4064025878906, 166.76690673828125, 324.27203369140625, 180.5265655517578, 446.83062744140625, 257.0829162597656, 311.89495849609375, 275.9600524902344, 380.8525695800781, 224.96292114257812, 288.77825927734375, 278.4400329589844, 228.009033203125, 189.98580932617188, 213.6031036376953, 431.12493896484375, 167.50453186035156, 152.9756622314453, 121.54749298095703, 346.3306579589844, 291.35296630859375, 321.6814270019531, 224.02719116210938]
Variance: [3.1846070289611816, 1.412377953529358, 1.1774837970733643, 0.8196593523025513, 1.3317710161209106, 0.8975963592529297, 2.3952481746673584, 1.913608193397522, 2.919326066970825, 2.0410983562469482, 2.0569069385528564, 2.36803936958313, 0.7959796190261841, 4.659128189086914, 1.0613601207733154, 4.012932777404785, 1.243727445602417, 7.619542598724365, 2.5222575664520264, 3.712441921234131, 2.9062657356262207, 5.535499095916748, 1.9313673973083496, 3.182525873184204, 2.9587366580963135, 1.9840246438980103, 1.3774800300598145, 1.741237759590149, 7.093315124511719, 1.0707697868347168, 0.8930744528770447, 0.563812792301178, 4.577462673187256, 3.2395288944244385, 3.949071168899536, 1.91533362865448]
