Data: [63116672.0, 63116672.0, 63116672.0, 62846672.0, 62846672.0, 62846672.0, 62833332.0, 62833332.0, 62833332.0, 62933332.0, 62933332.0, 62933332.0, 62770000.0, 62770000.0, 62770000.0, 62733332.0, 62733332.0, 62733332.0, 62820000.0, 62820000.0, 62820000.0, 62850000.0, 62850000.0, 62850000.0, 63036672.0, 63036672.0, 63036672.0, 63180000.0, 63180000.0, 63180000.0, 63246672.0, 63246672.0, 63246672.0, 63590000.0, 63590000.0, 63590000.0, 63513332.0, 63513332.0, 63513332.0, 63710000.0, 63710000.0, 63710000.0, 63763332.0, 63763332.0, 63763332.0, 63863332.0, 63863332.0, 63863332.0, 63913332.0, 63913332.0, 63913332.0, 63916672.0, 63916672.0, 63916672.0, 64053332.0, 64053332.0, 64053332.0, 64203332.0, 64203332.0, 64203332.0, 64400000.0, 64400000.0, 64400000.0, 64536672.0, 64536672.0, 64536672.0, 64890000.0, 64890000.0, 64890000.0, 64993332.0, 64993332.0, 64993332.0, 64993332.0, 64993332.0, 64993332.0, 65340000.0, 65340000.0, 65340000.0, 65680000.0, 65680000.0, 65680000.0, 65683340.0, 65683340.0, 65683340.0, 66480000.0, 66480000.0, 66480000.0, 66850000.0, 66850000.0, 66850000.0, 66833340.0, 66833340.0, 66833340.0, 67120000.0, 67120000.0, 67120000.0, 67233344.0, 67233344.0, 67233344.0, 67380000.0, 67380000.0, 67380000.0, 67540000.0, 67540000.0, 67540000.0, 67820000.0, 67820000.0, 67820000.0, 67650000.0, 67650000.0, 67650000.0, 66696660.0, 66696660.0, 66696660.0, 66833340.0, 66833340.0, 66833340.0, 67223344.0, 67223344.0, 67223344.0, 67313344.0, 67313344.0, 67313344.0, 67073340.0, 67073340.0, 67073340.0, 67176664.0, 67176664.0, 67176664.0, 66930000.0, 66930000.0, 66930000.0, 67056660.0, 67056660.0, 67056660.0, 67290000.0, 67290000.0, 67290000.0, 67323344.0, 67323344.0, 67323344.0, 67226664.0, 67226664.0, 67226664.0, 67283344.0, 67283344.0, 67283344.0, 67473344.0, 67473344.0, 67473344.0, 67516664.0, 67516664.0, 67516664.0, 67600000.0, 67600000.0, 67600000.0, 67666664.0, 67666664.0, 67666664.0, 67686664.0, 67686664.0, 67686664.0, 67830000.0, 67830000.0, 67830000.0, 68043344.0, 68043344.0, 68043344.0, 68170000.0, 68170000.0, 68170000.0, 68243344.0, 68243344.0, 68243344.0, 68250000.0, 68250000.0, 68250000.0, 68250000.0, 68250000.0, 68250000.0]
Forecast: [68100384.0, 68102024.0, 68121064.0, 68111616.0, 68124280.0, 68155808.0, 68164248.0, 68170296.0, 68192856.0, 68196112.0, 68195592.0, 68201432.0]
95% Confidence: [3640.15625, 3146.6962890625, 3909.094970703125, 2498.2568359375, 2511.619140625, 2336.773681640625, 1696.6153564453125, 1307.6693115234375, 1231.288330078125, 833.2586669921875, 860.3679809570312, 1009.9969482421875]
Variance: [68985512.0, 51549860.0, 79555520.0, 32493164.0, 32841678.0, 28428312.0, 14985961.0, 8902536.0, 7892913.0, 3614743.75, 3853774.75, 5310776.5]
