Data: [23714100.0, 23714100.0, 23714100.0, 24861000.0, 24861000.0, 24861000.0, 24773700.0, 24773700.0, 24773700.0, 24756970.0, 24756970.0, 24756970.0, 24222900.0, 24222900.0, 24222900.0, 25299970.0, 25299970.0, 25299970.0, 25251630.0, 25251630.0, 25251630.0, 25044670.0, 25044670.0, 25044670.0, 24412430.0, 24412430.0, 24412430.0, 25539330.0, 25539330.0, 25539330.0, 25631870.0, 25631870.0, 25631870.0, 25613800.0, 25613800.0, 25613800.0, 25209730.0, 25209730.0, 25209730.0, 26091570.0, 26091570.0, 26091570.0, 26225530.0, 26225530.0, 26225530.0, 26062000.0, 26062000.0, 26062000.0, 25542900.0, 25542900.0, 25542900.0, 26341370.0, 26341370.0, 26341370.0, 26464530.0, 26464530.0, 26464530.0, 26361970.0, 26361970.0, 26361970.0, 25747200.0, 25747200.0, 25747200.0, 26551930.0, 26551930.0, 26551930.0, 26719130.0, 26719130.0, 26719130.0, 26618170.0, 26618170.0, 26618170.0, 26100030.0, 26100030.0, 26100030.0, 26918670.0, 26918670.0, 26918670.0, 26997800.0, 26997800.0, 26997800.0, 26882830.0, 26882830.0, 26882830.0, 26283270.0, 26283270.0, 26283270.0, 27019200.0, 27019200.0, 27019200.0, 27015170.0, 27015170.0, 27015170.0, 26970630.0, 26970630.0, 26970630.0, 26460630.0, 26460630.0, 26460630.0, 27256100.0, 27256100.0, 27256100.0, 27381630.0, 27381630.0, 27381630.0, 27392430.0, 27392430.0, 27392430.0, 26748930.0, 26748930.0, 26748930.0, 26849170.0, 26849170.0, 26849170.0, 27067470.0, 27067470.0, 27067470.0, 26951770.0, 26951770.0, 26951770.0, 26368530.0, 26368530.0, 26368530.0, 27466800.0, 27466800.0, 27466800.0, 27644600.0, 27644600.0, 27644600.0, 27611230.0, 27611230.0, 27611230.0, 27369370.0, 27369370.0, 27369370.0, 28347030.0, 28347030.0, 28347030.0, 28424600.0, 28424600.0, 28424600.0, 28215500.0, 28215500.0, 28215500.0, 27766700.0, 27766700.0, 27766700.0, 28692970.0, 28692970.0, 28692970.0, 28687200.0, 28687200.0, 28687200.0, 28518330.0, 28518330.0, 28518330.0, 28060430.0, 28060430.0, 28060430.0, 28838470.0, 28838470.0, 28838470.0, 28833370.0, 28833370.0, 28833370.0, 28569800.0, 28569800.0, 28569800.0, 28215300.0, 28215300.0, 28215300.0, 29045800.0, 29045800.0, 29045800.0, 29049670.0, 29049670.0, 29049670.0, 29049670.0, 29049670.0, 29049670.0]
Forecast: [28807442.0, 28828716.0, 28856258.0, 28855378.0, 28855346.0, 28880890.0, 28884318.0, 28871672.0, 28863364.0, 28860062.0, 28895840.0, 28932014.0]
95% Confidence: [4639.58056640625, 3925.505859375, 4774.83251953125, 3301.77880859375, 3023.749267578125, 2821.15576171875, 3200.34521484375, 4287.30908203125, 5103.66015625, 4906.61669921875, 5337.8603515625, 4613.6455078125]
Variance: [112066376.0, 80224872.0, 118695496.0, 56756264.0, 47600264.0, 41435444.0, 53322624.0, 95694592.0, 135606784.0, 125337808.0, 148337968.0, 110816976.0]
