Data: [3837862.0, 3837862.0, 3837862.0, 3889385.0, 3889385.0, 3889385.0, 3911920.0, 3911920.0, 3911920.0, 3960565.0, 3960565.0, 3960565.0, 4017201.5, 4017201.5, 4017201.5, 4051778.75, 4051778.75, 4051778.75, 4079885.25, 4079885.25, 4079885.25, 4105105.0, 4105105.0, 4105105.0, 4162047.25, 4162047.25, 4162047.25, 4182171.75, 4182171.75, 4182171.75, 4238459.5, 4238459.5, 4238459.5, 4298005.0, 4298005.0, 4298005.0, 4299434.5, 4299434.5, 4299434.5, 4379627.0, 4379627.0, 4379627.0, 4451057.0, 4451057.0, 4451057.0, 4478020.0, 4478020.0, 4478020.0, 4515882.5, 4515882.5, 4515882.5, 4569946.0, 4569946.0, 4569946.0, 4600406.5, 4600406.5, 4600406.5, 4608784.5, 4608784.5, 4608784.5, 4631483.5, 4631483.5, 4631483.5, 4677925.5, 4677925.5, 4677925.5, 4723160.0, 4723160.0, 4723160.0, 4772345.0, 4772345.0, 4772345.0, 4820021.0, 4820021.0, 4820021.0, 4859661.0, 4859661.0, 4859661.0, 4923149.0, 4923149.0, 4923149.0, 5009272.0, 5009272.0, 5009272.0, 5082138.5, 5082138.5, 5082138.5, 5145228.0, 5145228.0, 5145228.0, 5199682.5, 5199682.5, 5199682.5, 5229467.0, 5229467.0, 5229467.0, 5277900.0, 5277900.0, 5277900.0, 5349484.5, 5349484.5, 5349484.5, 5429293.0, 5429293.0, 5429293.0, 5483304.5, 5483304.5, 5483304.5, 5437809.5, 5437809.5, 5437809.5, 4989573.0, 4989573.0, 4989573.0, 5426109.5, 5426109.5, 5426109.5, 5521790.0, 5521790.0, 5521790.0, 5670173.5, 5670173.5, 5670173.5, 5856477.5, 5856477.5, 5856477.5, 5995595.0, 5995595.0, 5995595.0, 6203400.0, 6203400.0, 6203400.0, 6312587.0, 6312587.0, 6312587.0, 6465323.0, 6465323.0, 6465323.0, 6584076.0, 6584076.0, 6584076.0, 6692628.5, 6692628.5, 6692628.5, 6804111.0, 6804111.0, 6804111.0, 6882514.0, 6882514.0, 6882514.0, 7018711.5, 7018711.5, 7018711.5, 7106180.5, 7106180.5, 7106180.5, 7177040.0, 7177040.0, 7177040.0, 7286761.0, 7286761.0, 7286761.0, 7377916.0, 7377916.0, 7377916.0, 7456295.5, 7456295.5, 7456295.5, 7510528.0, 7510528.0, 7510528.0, 7621432.0, 7621432.0, 7621432.0, 7774507.0, 7774507.0, 7774507.0, 7774507.0, 7774507.0, 7774507.0]
Forecast: [7570842.0, 7580471.0, 7591481.0, 7584188.0, 7593559.0, 7614061.0, 7624316.5, 7625598.5, 7644292.0, 7646214.0, 7649152.0, 7661532.0]
95% Confidence: [2183.8095703125, 3296.134521484375, 2129.543212890625, 3205.33642578125, 2054.16455078125, 2570.02978515625, 1830.1529541015625, 1776.353271484375, 1662.4058837890625, 1319.967041015625, 1248.9378662109375, 1191.1544189453125]
Variance: [24828324.0, 56562396.0, 23609718.0, 53489076.0, 21967886.0, 34386988.0, 17437838.0, 16427690.0, 14387718.0, 9070769.0, 8120815.0, 7386760.5]
