Data: [-48123.0, -44753.0, -44312.0, -42685.0, -47725.0, -49882.0, -46070.0, -45052.0, -43477.0, -45509.0, -47460.0, -49473.0, -50126.0, -42780.0, -49749.0, -46842.0, -45106.0, -42941.0, -42406.0, -44030.0, -38794.0, -41467.0, -45332.0, -36334.0, -40135.0, -41004.0, -34314.0, -38487.0, -41701.0, -34426.0, -36356.0, -36617.0, -39917.0, -36285.0, -33983.0, -33636.0, -37433.0, -40119.0, -42940.0, -43735.0, -39575.0, -38895.0, -38935.0, -36935.0, -41672.0, -41067.0, -39808.0, -42838.0, -38865.0, -33903.0, -48732.0, -39836.0, -38502.0, -42425.0, -40340.0, -44205.0, -41641.0, -40873.0, -40451.0, -41003.0, -40044.0, -43306.0, -36801.0, -38048.0, -39032.0, -41719.0, -39931.0, -40146.0, -37004.0, -38555.0, -43896.0, -40976.0, -43556.0, -39785.0, -41124.0, -44227.0, -43985.0, -42579.0, -43854.0, -41391.0, -41593.0, -42848.0, -45463.0, -46535.0, -46993.0, -48714.0, -43514.0, -46306.0, -41635.0, -44928.0, -49560.0, -49301.0, -50245.0, -52160.0, -49143.0, -54997.0, -48785.0, -47570.0, -48154.0, -49769.0, -51047.0, -48703.0, -48436.0, -48676.0, -44400.0, -41305.0, -38786.0, -43639.0, -43562.0, -39931.0, -42374.0, -51888.0, -53995.0, -49161.0, -58882.0, -61843.0, -57002.0, -61126.0, -64349.0, -61928.0, -62826.0, -65630.0, -65658.0, -65115.0, -65779.0, -71187.0, -69169.0, -72588.0, -74657.0, -66003.0, -79425.0, -79238.0, -83599.0, -84685.0, -99398.0, -82878.0, -82157.0, -79785.0, -68396.0, -66959.0, -67781.0, -74773.0, -62798.0, -70521.0, -68800.0, -69202.0, -58587.0, -71110.0, -65814.0, -65163.0, -63759.0, -59165.0, -59565.0, -64100.0, -65053.0, -63888.0, -67077.0, -66431.0, -66266.0, -73110.0, -74456.0, -73892.0, -78639.0, -71214.0, -81498.0, -74250.0, -79752.0, -96948.0, -128801.0, -120277.9921875, -136419.0, -60574.0, -71052.0, -58185.0, -74399.0, -55629.0, -48137.0, -29206.0, -56825.0, -56825.0]
Forecast: [-68071.609375, -71639.53125, -72159.9453125, -70945.53125, -70696.0546875, -68445.9921875, -68317.109375, -68493.140625, -69983.140625, -69417.390625, -67387.609375, -64780.17578125]
95% Confidence: [363.9599609375, 199.11192321777344, 429.0526428222656, 344.3380432128906, 297.9513244628906, 211.21597290039062, 226.71517944335938, 306.70526123046875, 598.366455078125, 287.7339782714844, 461.6844787597656, 439.6852722167969]
Variance: [689644.25, 206401.265625, 958382.8125, 617288.0625, 462177.125, 232258.3125, 267595.625, 489734.0625, 1864027.375, 431022.6875, 1109707.25, 1006471.9375]
