Data: [63116672.0, 63116672.0, 63116672.0, 62846672.0, 62846672.0, 62846672.0, 62833332.0, 62833332.0, 62833332.0, 62933332.0, 62933332.0, 62933332.0, 62770000.0, 62770000.0, 62770000.0, 62733332.0, 62733332.0, 62733332.0, 62820000.0, 62820000.0, 62820000.0, 62850000.0, 62850000.0, 62850000.0, 63036672.0, 63036672.0, 63036672.0, 63180000.0, 63180000.0, 63180000.0, 63246672.0, 63246672.0, 63246672.0, 63590000.0, 63590000.0, 63590000.0, 63513332.0, 63513332.0, 63513332.0, 63710000.0, 63710000.0, 63710000.0, 63763332.0, 63763332.0, 63763332.0, 63863332.0, 63863332.0, 63863332.0, 63913332.0, 63913332.0, 63913332.0, 63916672.0, 63916672.0, 63916672.0, 64053332.0, 64053332.0, 64053332.0, 64203332.0, 64203332.0, 64203332.0, 64400000.0, 64400000.0, 64400000.0, 64536672.0, 64536672.0, 64536672.0, 64890000.0, 64890000.0, 64890000.0, 64993332.0, 64993332.0, 64993332.0, 64993332.0, 64993332.0, 64993332.0, 65340000.0, 65340000.0, 65340000.0, 65680000.0, 65680000.0, 65680000.0, 65683340.0, 65683340.0, 65683340.0, 66480000.0, 66480000.0, 66480000.0, 66850000.0, 66850000.0, 66850000.0, 66833340.0, 66833340.0, 66833340.0, 67120000.0, 67120000.0, 67120000.0, 67233344.0, 67233344.0, 67233344.0, 67380000.0, 67380000.0, 67380000.0, 67540000.0, 67540000.0, 67540000.0, 67820000.0, 67820000.0, 67820000.0, 67650000.0, 67650000.0, 67650000.0, 66696660.0, 66696660.0, 66696660.0, 66833340.0, 66833340.0, 66833340.0, 67223344.0, 67223344.0, 67223344.0, 67313344.0, 67313344.0, 67313344.0, 67073340.0, 67073340.0, 67073340.0, 67176664.0, 67176664.0, 67176664.0, 66930000.0, 66930000.0, 66930000.0, 67056660.0, 67056660.0, 67056660.0, 67290000.0, 67290000.0, 67290000.0, 67323344.0, 67323344.0, 67323344.0, 67226664.0, 67226664.0, 67226664.0, 67283344.0, 67283344.0, 67283344.0, 67473344.0, 67473344.0, 67473344.0, 67516664.0, 67516664.0, 67516664.0, 67600000.0, 67600000.0, 67600000.0, 67666664.0, 67666664.0, 67666664.0, 67686664.0, 67686664.0, 67686664.0, 67830000.0, 67830000.0, 67830000.0, 68043344.0, 68043344.0, 68043344.0, 68170000.0, 68170000.0, 68170000.0, 68243344.0, 68243344.0, 68243344.0, 68250000.0, 68250000.0, 68250000.0, 68250000.0, 68250000.0, 68250000.0]
Forecast: [68098464.0, 68102736.0, 68119680.0, 68110928.0, 68123376.0, 68154048.0, 68162664.0, 68169632.0, 68193040.0, 68196288.0, 68195952.0, 68201040.0]
95% Confidence: [3697.049072265625, 2612.21630859375, 5015.6650390625, 2483.730224609375, 1865.37646484375, 1506.8914794921875, 2230.643798828125, 1273.39111328125, 906.2342529296875, 1186.9310302734375, 788.7233276367188, 573.8779907226562]
Variance: [71158744.0, 35525160.0, 130970920.0, 32116388.0, 18115520.0, 11821752.0, 25904684.0, 8441924.0, 4275616.5, 7334471.0, 3238673.75, 1714577.125]
