Data: [63116668.0, 63116668.0, 63116668.0, 63081568.0, 63042928.0, 63002272.0, 62959272.0, 62916796.0, 62876064.0, 62851120.0, 62831144.0, 62816224.0, 62785080.0, 62756596.0, 62731364.0, 62705044.0, 62682208.0, 62663184.0, 62659440.0, 62660884.0, 62666960.0, 62680916.0, 62698552.0, 62718964.0, 62765536.0, 62815584.0, 62867260.0, 62937480.0, 63007960.0, 63076548.0, 63150048.0, 63219100.0, 63282068.0, 63382316.0, 63478768.0, 63568912.0, 63640704.0, 63701500.0, 63750568.0, 63813180.0, 63866432.0, 63909672.0, 63949528.0, 63979812.0, 64000572.0, 64025140.0, 64042396.0, 64052556.0, 64062520.0, 64067016.0, 64066452.0, 64061780.0, 64053228.0, 64041424.0, 64044832.0, 64048156.0, 64051296.0, 64073684.0, 64097728.0, 64122528.0, 64172844.0, 64224940.0, 64277084.0, 64345464.0, 64412744.0, 64477012.0, 64582572.0, 64686804.0, 64786708.0, 64893152.0, 64991956.0, 65080924.0, 65158364.0, 65223108.0, 65274488.0, 65357360.0, 65431424.0, 65495340.0, 65592404.0, 65682388.0, 65763304.0, 65834060.0, 65893224.0, 65940168.0, 66078280.0, 66214636.0, 66345316.0, 66515072.0, 66677896.0, 66829600.0, 66964580.0, 67082124.0, 67180448.0, 67295800.0, 67394336.0, 67474792.0, 67551288.0, 67610600.0, 67652664.0, 67697008.0, 67727400.0, 67744336.0, 67769448.0, 67785168.0, 67791952.0, 67826912.0, 67858160.0, 67885136.0, 67885368.0, 67878512.0, 67865488.0, 67723360.0, 67564648.0, 67395768.0, 67240576.0, 67088680.0, 66944312.0, 66861756.0, 66798300.0, 66753948.0, 66739804.0, 66744284.0, 66765388.0, 66769620.0, 66782540.0, 66802888.0, 66842752.0, 66888644.0, 66938588.0, 66958612.0, 66975780.0, 66989852.0, 67017192.0, 67042976.0, 67066596.0, 67117888.0, 67169216.0, 67219040.0, 67270336.0, 67318096.0, 67361232.0, 67386360.0, 67404176.0, 67414888.0, 67426248.0, 67432184.0, 67433064.0, 67454064.0, 67473536.0, 67491064.0, 67511936.0, 67530864.0, 67547464.0, 67572320.0, 67595520.0, 67616536.0, 67643624.0, 67668688.0, 67691184.0, 67713296.0, 67732400.0, 67748224.0, 67779248.0, 67808688.0, 67835832.0, 67887816.0, 67939272.0, 67988696.0, 68051288.0, 68111184.0, 68166848.0, 68226584.0, 68280840.0, 68328544.0, 68369800.0, 68403320.0, 68428896.0, 68446552.0, 68456544.0, 68459336.0]
Forecast: [68480320.0, 68490736.0, 68503328.0, 68517336.0, 68526032.0, 68536632.0, 68543152.0, 68547328.0, 68546152.0, 68544104.0, 68540800.0, 68534200.0]
95% Confidence: [6058.51123046875, 7843.205078125, 11567.98828125, 15197.2666015625, 18846.30078125, 24671.6328125, 27657.853515625, 32502.59765625, 36859.03125, 40053.9921875, 43577.296875, 49079.31640625]
Variance: [2.7913670539855957, 4.678129196166992, 10.176557540893555, 17.563705444335938, 27.010801315307617, 46.28934097290039, 58.173091888427734, 80.33804321289062, 103.3172836303711, 122.0047836303711, 144.41281127929688, 183.1817169189453]
