Data: [23714100.0, 23714100.0, 23714100.0, 24861000.0, 24861000.0, 24861000.0, 24773700.0, 24773700.0, 24773700.0, 24756970.0, 24756970.0, 24756970.0, 24222900.0, 24222900.0, 24222900.0, 25299970.0, 25299970.0, 25299970.0, 25251630.0, 25251630.0, 25251630.0, 25044670.0, 25044670.0, 25044670.0, 24412430.0, 24412430.0, 24412430.0, 25539330.0, 25539330.0, 25539330.0, 25631870.0, 25631870.0, 25631870.0, 25613800.0, 25613800.0, 25613800.0, 25209730.0, 25209730.0, 25209730.0, 26091570.0, 26091570.0, 26091570.0, 26225530.0, 26225530.0, 26225530.0, 26062000.0, 26062000.0, 26062000.0, 25542900.0, 25542900.0, 25542900.0, 26341370.0, 26341370.0, 26341370.0, 26464530.0, 26464530.0, 26464530.0, 26361970.0, 26361970.0, 26361970.0, 25747200.0, 25747200.0, 25747200.0, 26551930.0, 26551930.0, 26551930.0, 26719130.0, 26719130.0, 26719130.0, 26618170.0, 26618170.0, 26618170.0, 26100030.0, 26100030.0, 26100030.0, 26918670.0, 26918670.0, 26918670.0, 26997800.0, 26997800.0, 26997800.0, 26882830.0, 26882830.0, 26882830.0, 26283270.0, 26283270.0, 26283270.0, 27019200.0, 27019200.0, 27019200.0, 27015170.0, 27015170.0, 27015170.0, 26970630.0, 26970630.0, 26970630.0, 26460630.0, 26460630.0, 26460630.0, 27256100.0, 27256100.0, 27256100.0, 27381630.0, 27381630.0, 27381630.0, 27392430.0, 27392430.0, 27392430.0, 26748930.0, 26748930.0, 26748930.0, 26849170.0, 26849170.0, 26849170.0, 27067470.0, 27067470.0, 27067470.0, 26951770.0, 26951770.0, 26951770.0, 26368530.0, 26368530.0, 26368530.0, 27466800.0, 27466800.0, 27466800.0, 27644600.0, 27644600.0, 27644600.0, 27611230.0, 27611230.0, 27611230.0, 27369370.0, 27369370.0, 27369370.0, 28347030.0, 28347030.0, 28347030.0, 28424600.0, 28424600.0, 28424600.0, 28215500.0, 28215500.0, 28215500.0, 27766700.0, 27766700.0, 27766700.0, 28692970.0, 28692970.0, 28692970.0, 28687200.0, 28687200.0, 28687200.0, 28518330.0, 28518330.0, 28518330.0, 28060430.0, 28060430.0, 28060430.0, 28838470.0, 28838470.0, 28838470.0, 28833370.0, 28833370.0, 28833370.0, 28569800.0, 28569800.0, 28569800.0, 28215300.0, 28215300.0, 28215300.0, 29045800.0, 29045800.0, 29045800.0, 29049670.0, 29049670.0, 29049670.0, 29049670.0, 29049670.0, 29049670.0]
Forecast: [28810170.0, 28830544.0, 28856946.0, 28854064.0, 28855970.0, 28879780.0, 28884162.0, 28877906.0, 28865636.0, 28858148.0, 28898864.0, 28929368.0]
95% Confidence: [4553.1845703125, 4155.29443359375, 4528.28369140625, 3690.685791015625, 2775.466796875, 2586.7578125, 2879.791015625, 3471.363525390625, 6232.8466796875, 3877.92529296875, 3302.14892578125, 5704.10205078125]
Variance: [107931536.0, 89892080.0, 106754240.0, 70913992.0, 40104200.0, 34836092.0, 43175736.0, 62736172.0, 202251024.0, 78291872.0, 56769000.0, 169391856.0]
