Data: [23714100.0, 23714100.0, 23714100.0, 23863196.0, 24027318.0, 24200038.0, 24363966.0, 24523792.0, 24675134.0, 24812124.0, 24933760.0, 25037926.0, 25053822.0, 25043198.0, 25009030.0, 25094710.0, 25177984.0, 25256586.0, 25322348.0, 25379412.0, 25426936.0, 25437542.0, 25435304.0, 25421568.0, 25315708.0, 25193338.0, 25059776.0, 25066648.0, 25087012.0, 25118910.0, 25172260.0, 25234064.0, 25301620.0, 25369982.0, 25438820.0, 25506024.0, 25517212.0, 25518058.0, 25509568.0, 25607570.0, 25710294.0, 25814184.0, 25933420.0, 26049496.0, 26159246.0, 26238750.0, 26305000.0, 26357338.0, 26328096.0, 26278224.0, 26211280.0, 26234780.0, 26259126.0, 26283506.0, 26323194.0, 26363154.0, 26402158.0, 26425802.0, 26445166.0, 26460096.0, 26390670.0, 26308884.0, 26218424.0, 26227490.0, 26245382.0, 26270680.0, 26323622.0, 26383138.0, 26446778.0, 26499102.0, 26549766.0, 26597414.0, 26573564.0, 26537890.0, 26492650.0, 26546578.0, 26606276.0, 26669376.0, 26743930.0, 26818648.0, 26891266.0, 26944874.0, 26991258.0, 27029752.0, 26982046.0, 26918148.0, 26841592.0, 26851614.0, 26865662.0, 26882910.0, 26901996.0, 26922572.0, 26943868.0, 26959382.0, 26973682.0, 26986460.0, 26931188.0, 26867324.0, 26797646.0, 26828236.0, 26868604.0, 26916560.0, 26986226.0, 27060786.0, 27137516.0, 27215300.0, 27290620.0, 27361462.0, 27342494.0, 27307616.0, 27259464.0, 27213844.0, 27161846.0, 27105666.0, 27075788.0, 27048650.0, 27024790.0, 26989554.0, 26956710.0, 26927000.0, 26825184.0, 26719852.0, 26614510.0, 26655100.0, 26715982.0, 26793300.0, 26906204.0, 27029970.0, 27159798.0, 27286852.0, 27410930.0, 27528608.0, 27605556.0, 27667724.0, 27714724.0, 27873760.0, 28031090.0, 28182164.0, 28333164.0, 28471804.0, 28595164.0, 28673890.0, 28730990.0, 28766916.0, 28724362.0, 28657334.0, 28570290.0, 28588260.0, 28607572.0, 28627514.0, 28646676.0, 28665138.0, 28682416.0, 28676156.0, 28665786.0, 28652032.0, 28576114.0, 28492318.0, 28403944.0, 28415246.0, 28438116.0, 28470710.0, 28510414.0, 28555836.0, 28605042.0, 28621914.0, 28635534.0, 28645820.0, 28606714.0, 28559772.0, 28507194.0, 28559080.0, 28620380.0, 28688312.0, 28760680.0, 28834478.0, 28907354.0, 28977210.0, 29042256.0, 29101020.0]
Forecast: [29116198.0, 29129040.0, 29148258.0, 29168606.0, 29187804.0, 29189794.0, 29194804.0, 29191318.0, 29190134.0, 29188164.0, 29175834.0, 29162726.0]
95% Confidence: [2364.38037109375, 3247.676025390625, 4817.2080078125, 5578.595703125, 6303.60693359375, 7499.2705078125, 9414.6767578125, 10412.2001953125, 12486.5615234375, 14216.8876953125, 15644.1005859375, 16834.189453125]
Variance: [4.000407695770264, 7.547706127166748, 16.605823516845703, 22.26995849609375, 28.43464469909668, 40.244606018066406, 63.427913665771484, 77.58086395263672, 111.57205200195312, 144.63677978515625, 175.1341552734375, 202.7935028076172]
