Data: [1.0, 1.0, 1.0, 1.0, 1.0, 1.0, 1.0, 1.0, 1.0, 1.0, 1.0, 1.0, 1.0, 1.0, 1.0, 1.0, 1.0, 1.0, 1.0, 1.0, 1.0, 1.0, 1.0, 1.0, 1.0, 1.0, 1.0, 1.0, 1.0, 1.0, 1.0, 1.0, 1.0, 1.0, 1.0, 1.0, 1.0, 1.0, 1.0, 1.0, 1.0, 1.0, 1.0, 1.0, 1.0, 1.0, 1.0, 1.0, 1.0, 1.0, 1.0, 1.0, 1.0, 1.0, 1.0, 1.0, 1.0, 1.0, 1.0, 1.0, 1.0, 1.0, 1.0, 1.0, 1.0, 1.0, 1.0, 1.0, 1.0, 1.0, 1.0, 1.0, 1.0, 1.0, 1.0, 1.0, 1.0, 1.0, 1.0, 1.0, 1.0, 1.0, 1.0, 1.0, 1.0, 1.0, 1.0, 1.0, 1.0, 1.0, 1.0, 1.0, 1.0, 1.0, 1.0, 1.0, 1.0, 1.0, 1.0, 1.0, 1.0, 1.0, 1.0, 1.0, 1.0, 1.0, 1.0, 1.0, 1.0, 1.0, 1.0, 1.0, 1.0, 1.0, 1.0, 1.0, 1.0, 1.0, 1.0, 1.0, 1.0, 1.0, 1.0, 1.0, 1.0, 1.0, 1.0, 1.0, 1.0, 1.0, 1.0, 1.0, 1.0, 1.0, 1.0, 1.0, 1.0, 1.0, 1.0, 1.0, 1.0, 1.0, 1.0, 1.0, 1.0, 1.0, 1.0, 1.0, 1.0, 1.0, 1.0, 1.0, 1.0, 1.0, 1.0, 1.0, 1.0, 1.0, 1.0, 1.0, 1.0, 1.0, 1.0, 1.0, 1.0, 1.0, 1.0, 1.0, 1.0, 1.0, 1.0, 1.0, 1.0, 1.0, 1.0]
Forecast: [1.0005214214324951, 1.006534218788147, 0.9999183416366577, 0.9956774711608887, 0.9884519577026367, 0.9926390647888184, 0.9961987733840942, 1.0036070346832275, 1.0036064386367798, 0.9895132184028625, 1.0115163326263428, 0.9999246597290039, 1.003448247909546, 1.001848578453064, 0.9926268458366394, 1.0131018161773682, 0.9968303442001343, 0.9917768239974976, 0.9957753419876099, 0.9849406480789185, 0.996769905090332, 0.999416708946228, 1.0018672943115234, 1.006073236465454, 1.0110715627670288, 1.0327727794647217, 1.0244535207748413, 1.0362763404846191, 1.0296109914779663, 1.023691177368164, 1.048572301864624, 1.0309065580368042, 1.0276085138320923, 1.0187915563583374, 1.0241838693618774, 1.0374274253845215]
95% Confidence: [0.0005831967573612928, 0.00056785176275298, 5.0719620048766956e-05, 0.00031628060969524086, 0.00013633490016218275, 0.0006816744571551681, 0.0006263402756303549, 6.623983790632337e-05, 0.0013413273263722658, 0.00036843132693320513, 0.00029622172587551177, 0.0007659638067707419, 0.0012925178743898869, 0.0005228332011029124, 0.00042280758498236537, 0.00029005337273702025, 0.000599359511397779, 0.0015783655690029263, 0.0014087121235206723, 9.916698763845488e-05, 0.0010281192371621728, 0.000365049229003489, 0.0005435405182652175, 0.00028587100678123534, 0.00022605658159591258, 0.0001551671011839062, 0.0005661461618728936, 0.00022015691502019763, 0.0005207245703786612, 0.0010861698538064957, 0.0006024787435308099, 0.0009329652530141175, 0.0011448860168457031, 0.0013372853863984346, 0.00037659742520190775, 0.0006871652440167964]
Variance: [1.7707125152810477e-06, 1.6787570302767563e-06, 1.3392751796459379e-08, 5.20790422342543e-07, 9.676803358615871e-08, 2.419200882286532e-06, 2.042389269263367e-06, 2.2843167357677885e-08, 9.366718586534262e-06, 7.066932994348463e-07, 4.568269105220679e-07, 3.054459284612676e-06, 8.697430530446582e-06, 1.4231288787414087e-06, 9.306863830715884e-07, 4.3799957438750425e-07, 1.8702198758546729e-06, 1.2969792805961333e-05, 1.0331476005376317e-05, 5.119789392438179e-08, 5.503068223333685e-06, 6.93778360982833e-07, 1.5380895774796954e-06, 4.2545940459604026e-07, 2.6604320169099083e-07, 1.2534792404039763e-07, 1.6686872186255641e-06, 2.5233791234313685e-07, 1.411672428730526e-06, 6.142048277979484e-06, 1.8897367226600181e-06, 4.5315714487514924e-06, 6.824052434240002e-06, 9.310349014413077e-06, 7.383673619187903e-07, 2.458330300214584e-06]
