Data: [130837.0, 131056.0, 131282.0, 131597.0, 131704.0, 131931.0, 131993.0, 132125.0, 132344.0, 132553.0, 132690.0, 132888.0, 133245.0, 133508.0, 133748.0, 133825.0, 133933.0, 134012.0, 134157.0, 134338.0, 134517.0, 134668.0, 134825.0, 135074.0, 135257.0, 135545.0, 135689.0, 135873.0, 136095.0, 136279.0, 136391.0, 136646.0, 136821.0, 137041.0, 137316.0, 137373.0, 137561.0, 137712.0, 137985.0, 138297.0, 138512.0, 138849.0, 139073.0, 139269.0, 139563.0, 139797.0, 140090.0, 140364.0, 140568.0, 140827.0, 140923.0, 141196.0, 141538.0, 141709.0, 141991.0, 142125.0, 142275.0, 142579.0, 142808.0, 143077.0, 143210.0, 143407.0, 143662.0, 143855.0, 143900.0, 144146.0, 144520.0, 144662.0, 144967.0, 145066.0, 145183.0, 145408.0, 145628.0, 145848.0, 145969.0, 146174.0, 146380.0, 146583.0, 146772.0, 146919.0, 147007.0, 147150.0, 147373.0, 147523.0, 147660.0, 148054.0, 148280.0, 148422.0, 148740.0, 148959.0, 149020.0, 149279.0, 149358.0, 149526.0, 149617.0, 149809.0, 150059.0, 150065.0, 150295.0, 150593.0, 150621.0, 150839.0, 150936.0, 151171.0, 151365.0, 151460.0, 151668.0, 151795.0, 152031.0, 152292.0, 150895.0, 130424.0, 133040.0, 137671.0, 139255.0, 140819.0, 141770.0, 142461.0, 142731.0, 142548.0, 142913.0, 143422.0, 144246.0, 144611.0, 145032.0, 145828.0, 146759.0, 147246.0, 147712.0, 148569.0, 149206.0, 149781.0, 150006.0, 150875.0, 151346.0, 151651.0, 151892.0, 152353.0, 153049.0, 153286.0, 153513.0, 153913.0, 154210.0, 154336.0, 154780.0, 155086.0, 155171.0, 155387.0, 155614.0, 155871.0, 156019.0, 156176.0, 156334.0, 156520.0, 156661.0, 156930.0, 157049.0, 157271.0, 157517.0, 157635.0, 157828.0, 157915.0, 158003.0, 158074.0, 158314.0, 158358.0, 158619.0, 158942.0, 159053.0, 159155.0, 159275.0, 159433.0, 159452.0, 159439.0, 159511.0, 159485.0, 159593.0, 159420.0, 159476.0, 159526.0]
Forecast: [158967.4375, 159005.5, 159047.953125, 159040.609375, 159063.65625, 159134.34375, 159172.75, 159201.90625, 159269.96875, 159287.125, 159302.1875, 159314.53125]
95% Confidence: [15.573077201843262, 10.45514965057373, 9.004636764526367, 10.081094741821289, 8.450153350830078, 7.679415225982666, 5.431553363800049, 3.7032361030578613, 5.169497966766357, 2.418189525604248, 2.4640398025512695, 2.899503469467163]
Variance: [1262.602783203125, 569.0866088867188, 422.13385009765625, 529.0944213867188, 371.7466125488281, 307.0252685546875, 153.59109497070312, 71.39710998535156, 139.1280059814453, 30.44377326965332, 31.609180450439453, 43.768836975097656]
