Data: [3837861.75, 3837861.75, 3837861.75, 3844560.0, 3851933.0, 3859692.0, 3870495.75, 3881461.75, 3892244.75, 3908863.5, 3925371.5, 3941284.75, 3963547.25, 3985193.75, 4005635.5, 4028875.25, 4050478.0, 4069959.5, 4090601.25, 4108857.75, 4124419.0, 4140366.75, 4153661.75, 4164170.75, 4179259.5, 4192322.75, 4203171.5, 4214317.5, 4223385.0, 4230309.0, 4242414.5, 4253190.0, 4262446.5, 4277798.5, 4292221.5, 4305375.5, 4317179.0, 4327270.0, 4335516.5, 4352281.0, 4368189.5, 4382850.5, 4405234.5, 4426754.5, 4446852.0, 4468570.5, 4488401.0, 4505937.0, 4525803.5, 4543386.0, 4558385.5, 4577638.0, 4594735.0, 4609377.5, 4625333.5, 4638946.0, 4650040.5, 4659626.0, 4666728.0, 4671381.5, 4676642.0, 4680022.5, 4681608.0, 4687569.0, 4692644.5, 4696771.0, 4705800.0, 4714447.0, 4722490.5, 4736143.5, 4749517.5, 4762239.0, 4780189.5, 4797539.5, 4813829.0, 4833829.0, 4852603.5, 4869712.5, 4893062.0, 4914979.5, 4934950.5, 4963766.5, 4991065.5, 5016181.0, 5048050.5, 5077755.5, 5104621.5, 5136328.5, 5165131.0, 5190456.5, 5218971.5, 5244056.5, 5265302.0, 5286326.0, 5303542.0, 5316814.0, 5332435.0, 5344857.5, 5354029.0, 5369305.5, 5382460.0, 5393309.5, 5412134.5, 5429591.5, 5445294.0, 5465968.0, 5485094.5, 5502254.5, 5511216.0, 5517079.0, 5519977.0, 5461850.0, 5395367.5, 5323359.0, 5305288.0, 5292648.5, 5285276.5, 5295305.5, 5311126.0, 5331684.0, 5375180.0, 5423175.5, 5473781.5, 5549438.5, 5626741.0, 5703205.0, 5794706.0, 5883084.0, 5965999.5, 6068525.5, 6164845.5, 6252690.0, 6344465.5, 6426107.5, 6496179.5, 6573592.0, 6640015.0, 6694555.5, 6752202.5, 6799041.5, 6834747.0, 6873473.5, 6902903.0, 6923080.5, 6948819.5, 6967643.5, 6979679.0, 6995436.5, 7006230.5, 7012233.5, 7031450.5, 7048363.5, 7062695.5, 7085646.0, 7106917.0, 7126039.0, 7151865.0, 7175863.5, 7197498.0, 7230618.5, 7262111.0, 7291194.0, 7329086.0, 7364653.5, 7397062.5, 7435845.0, 7471362.5, 7502877.0, 7536892.5, 7566716.0, 7591871.0, 7626488.0, 7657491.0, 7684312.5, 7726465.5, 7765843.5, 7801544.0, 7832863.5, 7859300.5, 7880549.5]
Forecast: [7912932.0, 7941500.0, 7968312.5, 7996016.5, 8022013.5, 8050254.5, 8082828.5, 8112918.5, 8144544.0, 8176428.0, 8208366.0, 8243383.5]
95% Confidence: [2377.8232421875, 3293.162841796875, 4236.94873046875, 5597.20654296875, 7986.31494140625, 9305.7607421875, 11145.0302734375, 12914.427734375, 14347.0830078125, 16629.75390625, 18550.966796875, 20226.7109375]
Variance: [14.941027641296387, 28.658124923706055, 47.43815231323242, 82.78734588623047, 168.54434204101562, 228.8363800048828, 328.2341613769531, 440.7290954589844, 543.9370727539062, 730.7908325195312, 909.3989868164062, 1081.11474609375]
