Data: [3837861.75, 3837861.75, 3837861.75, 3844560.0, 3851933.0, 3859692.0, 3870495.75, 3881461.75, 3892244.75, 3908863.5, 3925371.5, 3941284.75, 3963547.25, 3985193.75, 4005635.5, 4028875.25, 4050478.0, 4069959.5, 4090601.25, 4108857.75, 4124419.0, 4140366.75, 4153661.75, 4164170.75, 4179259.5, 4192322.75, 4203171.5, 4214317.5, 4223385.0, 4230309.0, 4242414.5, 4253190.0, 4262446.5, 4277798.5, 4292221.5, 4305375.5, 4317179.0, 4327270.0, 4335516.5, 4352281.0, 4368189.5, 4382850.5, 4405234.5, 4426754.5, 4446852.0, 4468570.5, 4488401.0, 4505937.0, 4525803.5, 4543386.0, 4558385.5, 4577638.0, 4594735.0, 4609377.5, 4625333.5, 4638946.0, 4650040.5, 4659626.0, 4666728.0, 4671381.5, 4676642.0, 4680022.5, 4681608.0, 4687569.0, 4692644.5, 4696771.0, 4705800.0, 4714447.0, 4722490.5, 4736143.5, 4749517.5, 4762239.0, 4780189.5, 4797539.5, 4813829.0, 4833829.0, 4852603.5, 4869712.5, 4893062.0, 4914979.5, 4934950.5, 4963766.5, 4991065.5, 5016181.0, 5048050.5, 5077755.5, 5104621.5, 5136328.5, 5165131.0, 5190456.5, 5218971.5, 5244056.5, 5265302.0, 5286326.0, 5303542.0, 5316814.0, 5332435.0, 5344857.5, 5354029.0, 5369305.5, 5382460.0, 5393309.5, 5412134.5, 5429591.5, 5445294.0, 5465968.0, 5485094.5, 5502254.5, 5511216.0, 5517079.0, 5519977.0, 5461850.0, 5395367.5, 5323359.0, 5305288.0, 5292648.5, 5285276.5, 5295305.5, 5311126.0, 5331684.0, 5375180.0, 5423175.5, 5473781.5, 5549438.5, 5626741.0, 5703205.0, 5794706.0, 5883084.0, 5965999.5, 6068525.5, 6164845.5, 6252690.0, 6344465.5, 6426107.5, 6496179.5, 6573592.0, 6640015.0, 6694555.5, 6752202.5, 6799041.5, 6834747.0, 6873473.5, 6902903.0, 6923080.5, 6948819.5, 6967643.5, 6979679.0, 6995436.5, 7006230.5, 7012233.5, 7031450.5, 7048363.5, 7062695.5, 7085646.0, 7106917.0, 7126039.0, 7151865.0, 7175863.5, 7197498.0, 7230618.5, 7262111.0, 7291194.0, 7329086.0, 7364653.5, 7397062.5, 7435845.0, 7471362.5, 7502877.0, 7536892.5, 7566716.0, 7591871.0, 7626488.0, 7657491.0, 7684312.5, 7726465.5, 7765843.5, 7801544.0, 7832863.5, 7859300.5, 7880549.5]
Forecast: [7689529.5, 7610087.0, 7631288.0, 7659143.5, 7658069.0, 7660210.5, 7682653.5, 7674446.0, 7667942.5, 7653596.0, 7646373.0, 7637463.5, 7634772.5, 7624331.0, 7628316.0, 7625462.5, 7625241.5, 7624811.0, 7624519.5, 7627980.5, 7617754.0, 7616218.5, 7621843.5, 7630045.0, 7626470.5, 7624719.0, 7626380.0, 7627692.0, 7636187.5, 7637442.5, 7633902.0, 7622474.5, 7615549.5, 7619261.0, 7633911.5, 7638387.0]
95% Confidence: [3564.117919921875, 3366.63720703125, 4461.9169921875, 3762.5126953125, 4790.744140625, 3719.376708984375, 4425.91845703125, 4937.87841796875, 4401.7119140625, 4732.4775390625, 3859.93212890625, 2738.27197265625, 3611.90576171875, 2378.04345703125, 3386.8349609375, 3314.70947265625, 3335.453369140625, 2921.197509765625, 2821.1318359375, 3044.900390625, 2707.281005859375, 2336.2119140625, 2664.15283203125, 3717.206787109375, 3048.043701171875, 2165.428955078125, 2177.936767578125, 2365.494873046875, 2532.09765625, 2912.82080078125, 2893.978759765625, 2210.70849609375, 2405.517578125, 2682.106201171875, 2443.6806640625, 2453.87060546875]
Variance: [8.391999244689941, 7.487795352935791, 13.152381896972656, 9.352273941040039, 15.162375450134277, 9.139062881469727, 12.941009521484375, 16.10801887512207, 12.79984188079834, 14.795801162719727, 9.842845916748047, 4.953525543212891, 8.618550300598145, 3.7359490394592285, 7.577909469604492, 7.2585906982421875, 7.349724292755127, 5.637455463409424, 5.257849216461182, 6.1250200271606445, 4.84203577041626, 3.6056692600250244, 4.68899393081665, 9.12840461730957, 6.1376729011535645, 3.0977699756622314, 3.133660316467285, 3.696624517440796, 4.235671520233154, 5.6051716804504395, 5.532890796661377, 3.2286741733551025, 3.82277250289917, 4.752403259277344, 3.9450290203094482, 3.977998971939087]
