Data: [3837861.75, 3837861.75, 3837861.75, 3844560.0, 3851933.0, 3859692.0, 3870495.75, 3881461.75, 3892244.75, 3908863.5, 3925371.5, 3941284.75, 3963547.25, 3985193.75, 4005635.5, 4028875.25, 4050478.0, 4069959.5, 4090601.25, 4108857.75, 4124419.0, 4140366.75, 4153661.75, 4164170.75, 4179259.5, 4192322.75, 4203171.5, 4214317.5, 4223385.0, 4230309.0, 4242414.5, 4253190.0, 4262446.5, 4277798.5, 4292221.5, 4305375.5, 4317179.0, 4327270.0, 4335516.5, 4352281.0, 4368189.5, 4382850.5, 4405234.5, 4426754.5, 4446852.0, 4468570.5, 4488401.0, 4505937.0, 4525803.5, 4543386.0, 4558385.5, 4577638.0, 4594735.0, 4609377.5, 4625333.5, 4638946.0, 4650040.5, 4659626.0, 4666728.0, 4671381.5, 4676642.0, 4680022.5, 4681608.0, 4687569.0, 4692644.5, 4696771.0, 4705800.0, 4714447.0, 4722490.5, 4736143.5, 4749517.5, 4762239.0, 4780189.5, 4797539.5, 4813829.0, 4833829.0, 4852603.5, 4869712.5, 4893062.0, 4914979.5, 4934950.5, 4963766.5, 4991065.5, 5016181.0, 5048050.5, 5077755.5, 5104621.5, 5136328.5, 5165131.0, 5190456.5, 5218971.5, 5244056.5, 5265302.0, 5286326.0, 5303542.0, 5316814.0, 5332435.0, 5344857.5, 5354029.0, 5369305.5, 5382460.0, 5393309.5, 5412134.5, 5429591.5, 5445294.0, 5465968.0, 5485094.5, 5502254.5, 5511216.0, 5517079.0, 5519977.0, 5461850.0, 5395367.5, 5323359.0, 5305288.0, 5292648.5, 5285276.5, 5295305.5, 5311126.0, 5331684.0, 5375180.0, 5423175.5, 5473781.5, 5549438.5, 5626741.0, 5703205.0, 5794706.0, 5883084.0, 5965999.5, 6068525.5, 6164845.5, 6252690.0, 6344465.5, 6426107.5, 6496179.5, 6573592.0, 6640015.0, 6694555.5, 6752202.5, 6799041.5, 6834747.0, 6873473.5, 6902903.0, 6923080.5, 6948819.5, 6967643.5, 6979679.0, 6995436.5, 7006230.5, 7012233.5, 7031450.5, 7048363.5, 7062695.5, 7085646.0, 7106917.0, 7126039.0, 7151865.0, 7175863.5, 7197498.0, 7230618.5, 7262111.0, 7291194.0, 7329086.0, 7364653.5, 7397062.5, 7435845.0, 7471362.5, 7502877.0, 7536892.5, 7566716.0, 7591871.0, 7626488.0, 7657491.0, 7684312.5, 7726465.5, 7765843.5, 7801544.0, 7832863.5, 7859300.5, 7880549.5]
Forecast: [7850015.0, 7867768.0, 7889397.0, 7901016.0, 7922644.5, 7944140.0, 7958573.5, 7971462.5, 7983847.0, 7999769.5, 8009151.5, 8020397.5, 8030845.0, 8037350.5, 8044813.5, 8050827.5, 8056609.0, 8060517.0, 8065427.5, 8068944.5, 8073318.5, 8077610.0, 8081699.5, 8086154.0, 8088581.5, 8091208.5, 8093670.5, 8096830.0, 8099252.0, 8101244.5, 8103426.5, 8104891.0, 8106347.5, 8108112.5, 8109417.5, 8110559.0]
95% Confidence: [2463.93212890625, 3027.663330078125, 2856.546142578125, 3860.13037109375, 2925.3779296875, 2698.24853515625, 4646.3017578125, 4006.862060546875, 4372.40869140625, 3708.432373046875, 4037.7060546875, 4269.6923828125, 4669.7470703125, 5472.9873046875, 4590.63232421875, 4544.97705078125, 4802.40673828125, 4872.3544921875, 5028.96142578125, 5180.0615234375, 5653.48095703125, 5457.3154296875, 5864.06396484375, 5714.30712890625, 5915.55712890625, 6091.62744140625, 5614.138671875, 6117.294921875, 6219.4091796875, 6223.9755859375, 6300.00390625, 6125.1484375, 6294.16796875, 6349.8251953125, 6546.38916015625, 6346.44482421875]
Variance: [4.010687351226807, 6.0558695793151855, 5.390684127807617, 9.843857765197754, 5.653602600097656, 4.809780597686768, 14.261860847473145, 10.606450080871582, 12.629984855651855, 9.085357666015625, 10.770371437072754, 12.043549537658691, 14.406153678894043, 19.78837776184082, 13.922148704528809, 13.646607398986816, 15.236291885375977, 15.683362007141113, 16.707748413085938, 17.72683334350586, 21.115100860595703, 19.675214767456055, 22.717403411865234, 21.571901321411133, 23.118125915527344, 24.514780044555664, 20.822250366210938, 24.7218017578125, 25.55404281616211, 25.591581344604492, 26.220623016357422, 24.78531837463379, 26.172069549560547, 26.636978149414062, 28.31163787841797, 26.60862159729004]
