Data: [3837862.0, 3837862.0, 3837862.0, 3889385.0, 3889385.0, 3889385.0, 3911920.0, 3911920.0, 3911920.0, 3960565.0, 3960565.0, 3960565.0, 4017201.5, 4017201.5, 4017201.5, 4051778.75, 4051778.75, 4051778.75, 4079885.25, 4079885.25, 4079885.25, 4105105.0, 4105105.0, 4105105.0, 4162047.25, 4162047.25, 4162047.25, 4182171.75, 4182171.75, 4182171.75, 4238459.5, 4238459.5, 4238459.5, 4298005.0, 4298005.0, 4298005.0, 4299434.5, 4299434.5, 4299434.5, 4379627.0, 4379627.0, 4379627.0, 4451057.0, 4451057.0, 4451057.0, 4478020.0, 4478020.0, 4478020.0, 4515882.5, 4515882.5, 4515882.5, 4569946.0, 4569946.0, 4569946.0, 4600406.5, 4600406.5, 4600406.5, 4608784.5, 4608784.5, 4608784.5, 4631483.5, 4631483.5, 4631483.5, 4677925.5, 4677925.5, 4677925.5, 4723160.0, 4723160.0, 4723160.0, 4772345.0, 4772345.0, 4772345.0, 4820021.0, 4820021.0, 4820021.0, 4859661.0, 4859661.0, 4859661.0, 4923149.0, 4923149.0, 4923149.0, 5009272.0, 5009272.0, 5009272.0, 5082138.5, 5082138.5, 5082138.5, 5145228.0, 5145228.0, 5145228.0, 5199682.5, 5199682.5, 5199682.5, 5229467.0, 5229467.0, 5229467.0, 5277900.0, 5277900.0, 5277900.0, 5349484.5, 5349484.5, 5349484.5, 5429293.0, 5429293.0, 5429293.0, 5483304.5, 5483304.5, 5483304.5, 5437809.5, 5437809.5, 5437809.5, 4989573.0, 4989573.0, 4989573.0, 5426109.5, 5426109.5, 5426109.5, 5521790.0, 5521790.0, 5521790.0, 5670173.5, 5670173.5, 5670173.5, 5856477.5, 5856477.5, 5856477.5, 5995595.0, 5995595.0, 5995595.0, 6203400.0, 6203400.0, 6203400.0, 6312587.0, 6312587.0, 6312587.0, 6465323.0, 6465323.0, 6465323.0, 6584076.0, 6584076.0, 6584076.0, 6692628.5, 6692628.5, 6692628.5, 6804111.0, 6804111.0, 6804111.0, 6882514.0, 6882514.0, 6882514.0, 7018711.5, 7018711.5, 7018711.5, 7106180.5, 7106180.5, 7106180.5, 7177040.0, 7177040.0, 7177040.0, 7286761.0, 7286761.0, 7286761.0, 7377916.0, 7377916.0, 7377916.0, 7456295.5, 7456295.5, 7456295.5, 7510528.0, 7510528.0, 7510528.0, 7621432.0, 7621432.0, 7621432.0, 7774507.0, 7774507.0, 7774507.0, 7774507.0, 7774507.0, 7774507.0]
Forecast: [7570371.0, 7579732.0, 7591680.0, 7585602.0, 7594209.0, 7617205.0, 7623550.0, 7626270.0, 7644463.0, 7645335.0, 7648859.0, 7662346.5]
95% Confidence: [2886.0380859375, 3496.48486328125, 3618.63037109375, 2582.685546875, 1973.54345703125, 1756.8699951171875, 1363.9332275390625, 1867.023681640625, 2136.964599609375, 1780.4302978515625, 1247.575439453125, 1216.470947265625]
Variance: [43363260.0, 63647472.0, 68172032.0, 34726488.0, 20277352.0, 16069304.0, 9685098.0, 18147530.0, 23774566.0, 16503188.0, 8103105.0, 7704090.0]
