Data: [3837861.75, 3837861.75, 3837861.75, 3844560.0, 3851933.0, 3859692.0, 3870495.75, 3881461.75, 3892244.75, 3908863.5, 3925371.5, 3941284.75, 3963547.25, 3985193.75, 4005635.5, 4028875.25, 4050478.0, 4069959.5, 4090601.25, 4108857.75, 4124419.0, 4140366.75, 4153661.75, 4164170.75, 4179259.5, 4192322.75, 4203171.5, 4214317.5, 4223385.0, 4230309.0, 4242414.5, 4253190.0, 4262446.5, 4277798.5, 4292221.5, 4305375.5, 4317179.0, 4327270.0, 4335516.5, 4352281.0, 4368189.5, 4382850.5, 4405234.5, 4426754.5, 4446852.0, 4468570.5, 4488401.0, 4505937.0, 4525803.5, 4543386.0, 4558385.5, 4577638.0, 4594735.0, 4609377.5, 4625333.5, 4638946.0, 4650040.5, 4659626.0, 4666728.0, 4671381.5, 4676642.0, 4680022.5, 4681608.0, 4687569.0, 4692644.5, 4696771.0, 4705800.0, 4714447.0, 4722490.5, 4736143.5, 4749517.5, 4762239.0, 4780189.5, 4797539.5, 4813829.0, 4833829.0, 4852603.5, 4869712.5, 4893062.0, 4914979.5, 4934950.5, 4963766.5, 4991065.5, 5016181.0, 5048050.5, 5077755.5, 5104621.5, 5136328.5, 5165131.0, 5190456.5, 5218971.5, 5244056.5, 5265302.0, 5286326.0, 5303542.0, 5316814.0, 5332435.0, 5344857.5, 5354029.0, 5369305.5, 5382460.0, 5393309.5, 5412134.5, 5429591.5, 5445294.0, 5465968.0, 5485094.5, 5502254.5, 5511216.0, 5517079.0, 5519977.0, 5461850.0, 5395367.5, 5323359.0, 5305288.0, 5292648.5, 5285276.5, 5295305.5, 5311126.0, 5331684.0, 5375180.0, 5423175.5, 5473781.5, 5549438.5, 5626741.0, 5703205.0, 5794706.0, 5883084.0, 5965999.5, 6068525.5, 6164845.5, 6252690.0, 6344465.5, 6426107.5, 6496179.5, 6573592.0, 6640015.0, 6694555.5, 6752202.5, 6799041.5, 6834747.0, 6873473.5, 6902903.0, 6923080.5, 6948819.5, 6967643.5, 6979679.0, 6995436.5, 7006230.5, 7012233.5, 7031450.5, 7048363.5, 7062695.5, 7085646.0, 7106917.0, 7126039.0, 7151865.0, 7175863.5, 7197498.0, 7230618.5, 7262111.0, 7291194.0, 7329086.0, 7364653.5, 7397062.5, 7435845.0, 7471362.5, 7502877.0, 7536892.5, 7566716.0, 7591871.0, 7626488.0, 7657491.0, 7684312.5, 7726465.5, 7765843.5, 7801544.0, 7832863.5, 7859300.5, 7880549.5]
Forecast: [7803019.0, 7809457.0, 7819145.0, 7823680.0, 7829980.5, 7834285.0, 7840991.0, 7838881.5, 7841005.5, 7838723.0, 7837771.5, 7840840.0, 7839929.5, 7842343.0, 7842121.5, 7840039.5, 7842884.5, 7841737.0, 7844917.0, 7846794.5, 7845355.5, 7845935.5, 7847901.5, 7848032.5, 7846321.0, 7847243.5, 7847274.5, 7847269.5, 7847967.5, 7847598.0, 7847845.0, 7847957.0, 7847980.0, 7848269.5, 7848099.0, 7848238.0]
95% Confidence: [3101.47412109375, 4198.6513671875, 2892.62255859375, 3425.61376953125, 3083.725830078125, 3423.575439453125, 3514.8125, 2892.409423828125, 3540.59765625, 4204.23681640625, 4244.29150390625, 4043.102783203125, 4131.84619140625, 4028.87353515625, 4141.0185546875, 3990.943359375, 4264.80859375, 4034.345458984375, 4103.9921875, 4006.8330078125, 3966.259765625, 4001.451416015625, 3946.855224609375, 3877.960693359375, 3977.845947265625, 3978.335693359375, 3934.99755859375, 3982.221435546875, 3948.752685546875, 3909.99365234375, 3914.081787109375, 3926.3642578125, 3910.697998046875, 3913.953369140625, 3904.281005859375, 3893.130615234375]
Variance: [6.354739665985107, 11.64611530303955, 5.52770471572876, 7.752434730529785, 6.282216548919678, 7.743212699890137, 8.161417007446289, 5.526890754699707, 8.281604766845703, 11.677117347717285, 11.900681495666504, 10.79918384552002, 11.278456687927246, 10.72330379486084, 11.328585624694824, 10.522343635559082, 12.016014099121094, 10.75245475769043, 11.126904487609863, 10.606298446655273, 10.392587661743164, 10.577828407287598, 10.291146278381348, 9.935006141662598, 10.453391075134277, 10.45596694946289, 10.22940444946289, 10.476402282714844, 10.301044464111328, 10.099815368652344, 10.12094783782959, 10.184566497802734, 10.103453636169434, 10.120282173156738, 10.070323944091797, 10.012885093688965]
