Data: [1.0, 1.0, 1.0, 1.0, 1.0, 1.0, 1.0, 1.0, 1.0, 1.0, 1.0, 1.0, 1.0, 1.0, 1.0, 1.0, 1.0, 1.0, 1.0, 1.0, 1.0, 1.0, 1.0, 1.0, 1.0, 1.0, 1.0, 1.0, 1.0, 1.0, 1.0, 1.0, 1.0, 1.0, 1.0, 1.0, 1.0, 1.0, 1.0, 1.0, 1.0, 1.0, 1.0, 1.0, 1.0, 1.0, 1.0, 1.0, 1.0, 1.0, 1.0, 1.0, 1.0, 1.0, 1.0, 1.0, 1.0, 1.0, 1.0, 1.0, 1.0, 1.0, 1.0, 1.0, 1.0, 1.0, 1.0, 1.0, 1.0, 1.0, 1.0, 1.0, 1.0, 1.0, 1.0, 1.0, 1.0, 1.0, 1.0, 1.0, 1.0, 1.0, 1.0, 1.0, 1.0, 1.0, 1.0, 1.0, 1.0, 1.0, 1.0, 1.0, 1.0, 1.0, 1.0, 1.0, 1.0, 1.0, 1.0, 1.0, 1.0, 1.0, 1.0, 1.0, 1.0, 1.0, 1.0, 1.0, 1.0, 1.0, 1.0, 1.0, 1.0, 1.0, 1.0, 1.0, 1.0, 1.0, 1.0, 1.0, 1.0, 1.0, 1.0, 1.0, 1.0, 1.0, 1.0, 1.0, 1.0, 1.0, 1.0, 1.0, 1.0, 1.0, 1.0, 1.0, 1.0, 1.0, 1.0, 1.0, 1.0, 1.0, 1.0, 1.0, 1.0, 1.0, 1.0, 1.0, 1.0, 1.0, 1.0, 1.0, 1.0, 1.0, 1.0, 1.0, 1.0, 1.0, 1.0, 1.0, 1.0, 1.0, 1.0, 1.0, 1.0, 1.0, 1.0, 1.0, 1.0, 1.0, 1.0, 1.0, 1.0, 1.0, 1.0]
Forecast: [1.1801596879959106, 1.0219882726669312, 0.7655824422836304, 1.1437424421310425, 1.2952929735183716, 0.8412491083145142, 1.261593222618103, 1.0775105953216553, 0.8624268770217896, 1.0612390041351318, 0.8940411806106567, 0.8060104250907898, 0.9650923013687134, 0.9609864950180054, 0.7926350831985474, 1.1644395589828491, 1.4037359952926636, 1.2590173482894897, 1.1568820476531982, 1.1547619104385376, 1.1364245414733887, 1.171841025352478, 1.297069787979126, 1.1585710048675537, 1.0976660251617432, 1.2980514764785767, 0.7044171690940857, 0.8590933680534363, 1.2088866233825684, 0.9665982127189636, 0.9298674464225769, 0.996525764465332, 0.6046785116195679, 1.34212327003479, 1.0061792135238647, 1.128334403038025]
95% Confidence: [0.04286304861307144, 0.05220194160938263, 0.049109335988759995, 0.04107829928398132, 0.03646976873278618, 0.052367255091667175, 0.049665503203868866, 0.06585557013750076, 0.03634903207421303, 0.04345763102173805, 0.0574653260409832, 0.042327724397182465, 0.0540134496986866, 0.050114329904317856, 0.04223058745265007, 0.04373884201049805, 0.06354600191116333, 0.04794090613722801, 0.0364045649766922, 0.03883266821503639, 0.04150468111038208, 0.049682505428791046, 0.07363483309745789, 0.04181313142180443, 0.03142454847693443, 0.03368571773171425, 0.04018944129347801, 0.0443156436085701, 0.05430527403950691, 0.042589686810970306, 0.05033091455698013, 0.02815346233546734, 0.044757407158613205, 0.057306744158267975, 0.04309716448187828, 0.045580826699733734]
Variance: [0.009564978070557117, 0.014187018387019634, 0.012555844150483608, 0.008785020560026169, 0.006924427580088377, 0.014277016744017601, 0.012841848656535149, 0.022578906267881393, 0.006878655403852463, 0.00983218289911747, 0.01719212345778942, 0.009327552281320095, 0.015188739635050297, 0.01307500060647726, 0.009284788742661476, 0.009959841147065163, 0.02102298103272915, 0.011965486221015453, 0.006899689789861441, 0.007850770838558674, 0.00896834023296833, 0.012850642204284668, 0.028228284791111946, 0.009102134965360165, 0.005141098517924547, 0.005907576996833086, 0.008408949710428715, 0.01022426225244999, 0.015353305265307426, 0.009443364106118679, 0.013188257813453674, 0.004126495681703091, 0.010429120622575283, 0.01709737256169319, 0.00966974999755621, 0.010816388763487339]
