Data: [1.0, 1.0, 1.0, 1.0, 1.0, 1.0, 1.0, 1.0, 1.0, 1.0, 1.0, 1.0, 1.0, 1.0, 1.0, 1.0, 1.0, 1.0, 1.0, 1.0, 1.0, 1.0, 1.0, 1.0, 1.0, 1.0, 1.0, 1.0, 1.0, 1.0, 1.0, 1.0, 1.0, 1.0, 1.0, 1.0, 1.0, 1.0, 1.0, 1.0, 1.0, 1.0, 1.0, 1.0, 1.0, 1.0, 1.0, 1.0, 1.0, 1.0, 1.0, 1.0, 1.0, 1.0, 1.0, 1.0, 1.0, 1.0, 1.0, 1.0, 1.0, 1.0, 1.0, 1.0, 1.0, 1.0, 1.0, 1.0, 1.0, 1.0, 1.0, 1.0, 1.0, 1.0, 1.0, 1.0, 1.0, 1.0, 1.0, 1.0, 1.0, 1.0, 1.0, 1.0, 1.0, 1.0, 1.0, 1.0, 1.0, 1.0, 1.0, 1.0, 1.0, 1.0, 1.0, 1.0, 1.0, 1.0, 1.0, 1.0, 1.0, 1.0, 1.0, 1.0, 1.0, 1.0, 1.0, 1.0, 1.0, 1.0, 1.0, 1.0, 1.0, 1.0, 1.0, 1.0, 1.0, 1.0, 1.0, 1.0, 1.0, 1.0, 1.0, 1.0, 1.0, 1.0, 1.0, 1.0, 1.0, 1.0, 1.0, 1.0, 1.0, 1.0, 1.0, 1.0, 1.0, 1.0, 1.0, 1.0, 1.0, 1.0, 1.0, 1.0, 1.0, 1.0, 1.0, 1.0, 1.0, 1.0, 1.0, 1.0, 1.0, 1.0, 1.0, 1.0, 1.0, 1.0, 1.0, 1.0, 1.0, 1.0, 1.0, 1.0, 1.0, 1.0, 1.0, 1.0, 1.0, 1.0, 1.0, 1.0, 1.0, 1.0, 1.0]
Forecast: [1.9631502628326416, 1.9654722213745117, 1.9688657522201538, 1.9440028667449951, 1.9302589893341064, 1.93308424949646, 1.9372379779815674, 1.959267258644104, 1.9800876379013062, 1.9442338943481445, 1.8652927875518799, 1.9071613550186157, 1.8958708047866821, 1.8642860651016235, 1.8941822052001953, 1.8549381494522095, 1.809480905532837, 1.8620879650115967, 1.8799089193344116, 1.8659311532974243, 1.8493999242782593, 1.8647491931915283, 1.883352518081665, 1.869625449180603, 1.8826358318328857, 1.8938214778900146, 1.8887399435043335, 1.8721977472305298, 1.8953043222427368, 1.9476079940795898, 1.9296146631240845, 1.9560339450836182, 1.9957420825958252, 1.9759418964385986, 1.9792406558990479, 2.0258498191833496]
95% Confidence: [0.022317146882414818, 0.020510204136371613, 0.018161408603191376, 0.025536248460412025, 0.022472385317087173, 0.029311731457710266, 0.025382066145539284, 0.02195923775434494, 0.018464339897036552, 0.02045275829732418, 0.021273795515298843, 0.018840353935956955, 0.017822042107582092, 0.02477101981639862, 0.02340755984187126, 0.018703466281294823, 0.023828063160181046, 0.018894238397479057, 0.02558109164237976, 0.021621037274599075, 0.01926705613732338, 0.020356355234980583, 0.019240323454141617, 0.020416216924786568, 0.017945999279618263, 0.018255429342389107, 0.01382768526673317, 0.02427942119538784, 0.021590672433376312, 0.025627456605434418, 0.01647806167602539, 0.023981966078281403, 0.029857486486434937, 0.03151390329003334, 0.027109839022159576, 0.03175967186689377]
Variance: [0.0025929564144462347, 0.002190069295465946, 0.0017171844374388456, 0.0033949397038668394, 0.002629155060276389, 0.004473019391298294, 0.003354067914187908, 0.0025104547385126352, 0.0017749471589922905, 0.0021778179798275232, 0.002356176497414708, 0.0018479743739590049, 0.0016536085167899728, 0.0031945202499628067, 0.0028525295201689005, 0.0018212181748822331, 0.002955938456580043, 0.0018585603684186935, 0.0034068734385073185, 0.002433721674606204, 0.0019326292676851153, 0.0021573363337665796, 0.0019272698555141687, 0.0021700432989746332, 0.0016766913468018174, 0.001735009835101664, 0.0009954440174624324, 0.0030689833220094442, 0.002426890656352043, 0.0034192341845482588, 0.0014136116951704025, 0.0029942456167191267, 0.004641137085855007, 0.005170377902686596, 0.003826235653832555, 0.005251337308436632]
