Data: [1.0, 1.0, 1.0, 1.0, 1.0, 1.0, 1.0, 1.0, 1.0, 1.0, 1.0, 1.0, 1.0, 1.0, 1.0, 1.0, 1.0, 1.0, 1.0, 1.0, 1.0, 1.0, 1.0, 1.0, 1.0, 1.0, 1.0, 1.0, 1.0, 1.0, 1.0, 1.0, 1.0, 1.0, 1.0, 1.0, 1.0, 1.0, 1.0, 1.0, 1.0, 1.0, 1.0, 1.0, 1.0, 1.0, 1.0, 1.0, 1.0, 1.0, 1.0, 1.0, 1.0, 1.0, 1.0, 1.0, 1.0, 1.0, 1.0, 1.0, 1.0, 1.0, 1.0, 1.0, 1.0, 1.0, 1.0, 1.0, 1.0, 1.0, 1.0, 1.0, 1.0, 1.0, 1.0, 1.0, 1.0, 1.0, 1.0, 1.0, 1.0, 1.0, 1.0, 1.0, 1.0, 1.0, 1.0, 1.0, 1.0, 1.0, 1.0, 1.0, 1.0, 1.0, 1.0, 1.0, 1.0, 1.0, 1.0, 1.0, 1.0, 1.0, 1.0, 1.0, 1.0, 1.0, 1.0, 1.0, 1.0, 1.0, 1.0, 1.0, 1.0, 1.0, 1.0, 1.0, 1.0, 1.0, 1.0, 1.0, 1.0, 1.0, 1.0, 1.0, 1.0, 1.0, 1.0, 1.0, 1.0, 1.0, 1.0, 1.0, 1.0, 1.0, 1.0, 1.0, 1.0, 1.0, 1.0, 1.0, 1.0, 1.0, 1.0, 1.0, 1.0, 1.0, 1.0, 1.0, 1.0, 1.0, 1.0, 1.0, 1.0, 1.0, 1.0, 1.0, 1.0, 1.0, 1.0, 1.0, 1.0, 1.0, 1.0, 1.0, 1.0, 1.0, 1.0, 1.0, 1.0, 1.0, 1.0, 1.0, 1.0, 1.0, 1.0]
Forecast: [1.1592090129852295, 1.0617328882217407, 0.6965219378471375, 1.1376460790634155, 1.2977036237716675, 0.7838103175163269, 1.238366723060608, 1.1431872844696045, 0.8813108205795288, 1.029435157775879, 0.87721186876297, 0.8147732615470886, 1.0123627185821533, 0.959674060344696, 0.7750372290611267, 1.1393053531646729, 1.3834642171859741, 1.285925269126892, 1.1792666912078857, 1.1613653898239136, 1.1351501941680908, 1.157615303993225, 1.2675780057907104, 1.154331922531128, 1.0718305110931396, 1.271034598350525, 0.7539812326431274, 0.8418115377426147, 1.2049064636230469, 0.9335006475448608, 0.9230906367301941, 0.980208694934845, 0.5964569449424744, 1.3729469776153564, 0.9892185926437378, 1.1445581912994385]
95% Confidence: [0.05497902259230614, 0.056142549961805344, 0.040284931659698486, 0.043540388345718384, 0.037358351051807404, 0.0455639511346817, 0.05772924795746803, 0.05472820624709129, 0.054189711809158325, 0.04480104148387909, 0.06026965007185936, 0.0412881039083004, 0.04740210995078087, 0.04050010070204735, 0.03537335246801376, 0.029920341446995735, 0.06639701128005981, 0.04833283647894859, 0.029425842687487602, 0.03952352702617645, 0.05141349881887436, 0.044884197413921356, 0.037607043981552124, 0.04083937406539917, 0.04326705262064934, 0.02827327698469162, 0.036857470870018005, 0.04903341829776764, 0.05499820038676262, 0.048388827592134476, 0.058639395982027054, 0.02329311892390251, 0.04898031800985336, 0.059390123933553696, 0.04663063585758209, 0.036170728504657745]
Variance: [0.015736635774374008, 0.016409756615757942, 0.008448957465589046, 0.009869665838778019, 0.007265964522957802, 0.010808379389345646, 0.01735040731728077, 0.01559338066726923, 0.015288030728697777, 0.010449466295540333, 0.018911033868789673, 0.00887498538941145, 0.011698042973876, 0.008539453148841858, 0.006514337379485369, 0.004660698119550943, 0.022951701655983925, 0.012161926366388798, 0.004507914185523987, 0.008132596500217915, 0.013761702924966812, 0.010488293133676052, 0.007363024167716503, 0.00868312455713749, 0.009746135212481022, 0.004161694087088108, 0.0070724342949688435, 0.012517055496573448, 0.015747614204883575, 0.012190121226012707, 0.01790180429816246, 0.002824705559760332, 0.012489961460232735, 0.018363114446401596, 0.011320367455482483, 0.006811336614191532]
