Data: [1.0, 1.0, 1.0, 1.0, 1.0, 1.0, 1.0, 1.0, 1.0, 1.0, 1.0, 1.0, 1.0, 1.0, 1.0, 1.0, 1.0, 1.0, 1.0, 1.0, 1.0, 1.0, 1.0, 1.0, 1.0, 1.0, 1.0, 1.0, 1.0, 1.0, 1.0, 1.0, 1.0, 1.0, 1.0, 1.0, 1.0, 1.0, 1.0, 1.0, 1.0, 1.0, 1.0, 1.0, 1.0, 1.0, 1.0, 1.0, 1.0, 1.0, 1.0, 1.0, 1.0, 1.0, 1.0, 1.0, 1.0, 1.0, 1.0, 1.0, 1.0, 1.0, 1.0, 1.0, 1.0, 1.0, 1.0, 1.0, 1.0, 1.0, 1.0, 1.0, 1.0, 1.0, 1.0, 1.0, 1.0, 1.0, 1.0, 1.0, 1.0, 1.0, 1.0, 1.0, 1.0, 1.0, 1.0, 1.0, 1.0, 1.0, 1.0, 1.0, 1.0, 1.0, 1.0, 1.0, 1.0, 1.0, 1.0, 1.0, 1.0, 1.0, 1.0, 1.0, 1.0, 1.0, 1.0, 1.0, 1.0, 1.0, 1.0, 1.0, 1.0, 1.0, 1.0, 1.0, 1.0, 1.0, 1.0, 1.0, 1.0, 1.0, 1.0, 1.0, 1.0, 1.0, 1.0, 1.0, 1.0, 1.0, 1.0, 1.0, 1.0, 1.0, 1.0, 1.0, 1.0, 1.0, 1.0, 1.0, 1.0, 1.0, 1.0, 1.0, 1.0, 1.0, 1.0, 1.0, 1.0, 1.0, 1.0, 1.0, 1.0, 1.0, 1.0, 1.0, 1.0, 1.0, 1.0, 1.0, 1.0, 1.0, 1.0, 1.0, 1.0, 1.0, 1.0, 1.0, 1.0, 1.0, 1.0, 1.0, 1.0, 1.0, 1.0]
Forecast: [1.1836462020874023, 1.0524332523345947, 0.7214397192001343, 1.1375031471252441, 1.3047115802764893, 0.8477821350097656, 1.2466366291046143, 1.0918840169906616, 0.8728567361831665, 1.0186617374420166, 0.9006117582321167, 0.8280146718025208, 0.9853204488754272, 0.9542439579963684, 0.7812514901161194, 1.151986837387085, 1.4208251237869263, 1.2675118446350098, 1.1986372470855713, 1.144311785697937, 1.1562058925628662, 1.1899280548095703, 1.2940009832382202, 1.1756477355957031, 1.0845024585723877, 1.293554425239563, 0.7177774310112, 0.8610860109329224, 1.197838544845581, 0.9589468240737915, 0.9548845291137695, 1.0020968914031982, 0.5823913812637329, 1.372719407081604, 1.0093801021575928, 1.1460117101669312]
95% Confidence: [0.05443105846643448, 0.03880257159471512, 0.03198450803756714, 0.04121709242463112, 0.048742927610874176, 0.0553898848593235, 0.0667857974767685, 0.054237280040979385, 0.06213627755641937, 0.0343385711312294, 0.07292816787958145, 0.0389164462685585, 0.05763169378042221, 0.04164102301001549, 0.045312829315662384, 0.043941985815763474, 0.06280702352523804, 0.04150700569152832, 0.03806544467806816, 0.03716978430747986, 0.045846641063690186, 0.04578660801053047, 0.055155977606773376, 0.04811744764447212, 0.05275629833340645, 0.04436146840453148, 0.03950565680861473, 0.06069186329841614, 0.05265803635120392, 0.042636360973119736, 0.05573273450136185, 0.03198154270648956, 0.04936383292078972, 0.05316244810819626, 0.03208012133836746, 0.04407692700624466]
Variance: [0.015424512326717377, 0.007838607765734196, 0.0053259520791471004, 0.008844485506415367, 0.012369184754788876, 0.015972718596458435, 0.023221276700496674, 0.015314881689846516, 0.020100567489862442, 0.006138783413916826, 0.027689078822731972, 0.007884683087468147, 0.01729181595146656, 0.009027358144521713, 0.010689569637179375, 0.010052572004497051, 0.020536869764328003, 0.008969343267381191, 0.007543617859482765, 0.007192798424512148, 0.010942910797894001, 0.010914271697402, 0.015838097780942917, 0.012053773738443851, 0.014489938504993916, 0.010245416313409805, 0.008125243708491325, 0.019176919013261795, 0.014436010271310806, 0.009464072063565254, 0.016171062365174294, 0.005324964411556721, 0.012686316855251789, 0.014713898301124573, 0.005357840564101934, 0.010114407166838646]
