Data: [1.0, 1.0, 1.0, 1.0, 1.0, 1.0, 1.0, 1.0, 1.0, 1.0, 1.0, 1.0, 1.0, 1.0, 1.0, 1.0, 1.0, 1.0, 1.0, 1.0, 1.0, 1.0, 1.0, 1.0, 1.0, 1.0, 1.0, 1.0, 1.0, 1.0, 1.0, 1.0, 1.0, 1.0, 1.0, 1.0, 1.0, 1.0, 1.0, 1.0, 1.0, 1.0, 1.0, 1.0, 1.0, 1.0, 1.0, 1.0, 1.0, 1.0, 1.0, 1.0, 1.0, 1.0, 1.0, 1.0, 1.0, 1.0, 1.0, 1.0, 1.0, 1.0, 1.0, 1.0, 1.0, 1.0, 1.0, 1.0, 1.0, 1.0, 1.0, 1.0, 1.0, 1.0, 1.0, 1.0, 1.0, 1.0, 1.0, 1.0, 1.0, 1.0, 1.0, 1.0, 1.0, 1.0, 1.0, 1.0, 1.0, 1.0, 1.0, 1.0, 1.0, 1.0, 1.0, 1.0, 1.0, 1.0, 1.0, 1.0, 1.0, 1.0, 1.0, 1.0, 1.0, 1.0, 1.0, 1.0, 1.0, 1.0, 1.0, 1.0, 1.0, 1.0, 1.0, 1.0, 1.0, 1.0, 1.0, 1.0, 1.0, 1.0, 1.0, 1.0, 1.0, 1.0, 1.0, 1.0, 1.0, 1.0, 1.0, 1.0, 1.0, 1.0, 1.0, 1.0, 1.0, 1.0, 1.0, 1.0, 1.0, 1.0, 1.0, 1.0, 1.0, 1.0, 1.0, 1.0, 1.0, 1.0, 1.0, 1.0, 1.0, 1.0, 1.0, 1.0, 1.0, 1.0, 1.0, 1.0, 1.0, 1.0, 1.0, 1.0, 1.0, 1.0, 1.0, 1.0, 1.0, 1.0, 1.0, 1.0, 1.0, 1.0, 1.0]
Forecast: [1.1518516540527344, 1.0455518960952759, 0.7138999700546265, 1.1267824172973633, 1.2589728832244873, 0.869705855846405, 1.188348650932312, 1.1008098125457764, 0.8284286260604858, 1.0334876775741577, 0.9224300384521484, 0.860554039478302, 1.0440001487731934, 0.9735454320907593, 0.7672809362411499, 1.1342852115631104, 1.3038069009780884, 1.2723599672317505, 1.1838709115982056, 1.1389687061309814, 1.117449402809143, 1.158697247505188, 1.267712116241455, 1.123145341873169, 1.1176807880401611, 1.247153878211975, 0.7717944383621216, 0.9067784547805786, 1.1661851406097412, 1.0055062770843506, 0.8957473635673523, 0.9760120511054993, 0.6294550895690918, 1.3075144290924072, 0.9923311471939087, 1.1667371988296509]
95% Confidence: [0.048152752220630646, 0.052908916026353836, 0.0568118542432785, 0.05373382568359375, 0.04397184029221535, 0.05396726727485657, 0.037030916661024094, 0.037865519523620605, 0.04077150300145149, 0.039960723370313644, 0.05012589320540428, 0.0372757725417614, 0.044526927173137665, 0.04847103729844093, 0.05099092423915863, 0.03866303712129593, 0.05300610512495041, 0.04113863408565521, 0.04035627096891403, 0.0483211874961853, 0.036411602050065994, 0.02786223217844963, 0.0432690866291523, 0.04442304000258446, 0.02650439366698265, 0.02649252489209175, 0.031517937779426575, 0.05432611331343651, 0.04792265594005585, 0.04667038843035698, 0.05251830071210861, 0.02181662991642952, 0.044105321168899536, 0.0649392232298851, 0.0378565713763237, 0.03204283118247986]
Variance: [0.012071466073393822, 0.014573891647160053, 0.01680334471166134, 0.01503188256174326, 0.01006623636931181, 0.015162775292992592, 0.007139153778553009, 0.0074645839631557465, 0.008654287084937096, 0.008313512429594994, 0.013081034645438194, 0.007233877666294575, 0.010321986861526966, 0.012231577187776566, 0.013536415062844753, 0.007782331667840481, 0.014627484604716301, 0.008810846135020256, 0.008478907868266106, 0.012156064622104168, 0.006902357563376427, 0.004041566047817469, 0.009747051633894444, 0.01027387659996748, 0.0036572411190718412, 0.0036539663560688496, 0.0051717013120651245, 0.015365091152489185, 0.01195637695491314, 0.011339678429067135, 0.014359496533870697, 0.0024779539089649916, 0.010127443820238113, 0.02195492945611477, 0.007461057044565678, 0.0053453934378921986]
