Data: [1.0, 1.0, 1.0, 1.0, 1.0, 1.0, 1.0, 1.0, 1.0, 1.0, 1.0, 1.0, 1.0, 1.0, 1.0, 1.0, 1.0, 1.0, 1.0, 1.0, 1.0, 1.0, 1.0, 1.0, 1.0, 1.0, 1.0, 1.0, 1.0, 1.0, 1.0, 1.0, 1.0, 1.0, 1.0, 1.0, 1.0, 1.0, 1.0, 1.0, 1.0, 1.0, 1.0, 1.0, 1.0, 1.0, 1.0, 1.0, 1.0, 1.0, 1.0, 1.0, 1.0, 1.0, 1.0, 1.0, 1.0, 1.0, 1.0, 1.0, 1.0, 1.0, 1.0, 1.0, 1.0, 1.0, 1.0, 1.0, 1.0, 1.0, 1.0, 1.0, 1.0, 1.0, 1.0, 1.0, 1.0, 1.0, 1.0, 1.0, 1.0, 1.0, 1.0, 1.0, 1.0, 1.0, 1.0, 1.0, 1.0, 1.0, 1.0, 1.0, 1.0, 1.0, 1.0, 1.0, 1.0, 1.0, 1.0, 1.0, 1.0, 1.0, 1.0, 1.0, 1.0, 1.0, 1.0, 1.0, 1.0, 1.0, 1.0, 1.0, 1.0, 1.0, 1.0, 1.0, 1.0, 1.0, 1.0, 1.0, 1.0, 1.0, 1.0, 1.0, 1.0, 1.0, 1.0, 1.0, 1.0, 1.0, 1.0, 1.0, 1.0, 1.0, 1.0, 1.0, 1.0, 1.0, 1.0, 1.0, 1.0, 1.0, 1.0, 1.0, 1.0, 1.0, 1.0, 1.0, 1.0, 1.0, 1.0, 1.0, 1.0, 1.0, 1.0, 1.0, 1.0, 1.0, 1.0, 1.0, 1.0, 1.0, 1.0, 1.0, 1.0, 1.0, 1.0, 1.0, 1.0, 1.0, 1.0, 1.0, 1.0, 1.0, 1.0]
Forecast: [1.1790984869003296, 1.0069729089736938, 0.8009210824966431, 1.1492512226104736, 1.2951098680496216, 0.9373884201049805, 1.2014544010162354, 1.0296684503555298, 0.8326414823532104, 1.0419189929962158, 0.970763087272644, 0.8340258598327637, 1.0225603580474854, 0.9552794694900513, 0.7963082194328308, 1.1416709423065186, 1.3636935949325562, 1.280590295791626, 1.1387035846710205, 1.1325536966323853, 1.0626243352890015, 1.1613363027572632, 1.2246514558792114, 1.0893036127090454, 1.1198112964630127, 1.2413004636764526, 0.7069430351257324, 0.9221397638320923, 1.204578161239624, 0.9851917028427124, 0.982264518737793, 1.0104879140853882, 0.6575456857681274, 1.2698814868927002, 1.0001319646835327, 1.1070575714111328]
95% Confidence: [0.049408819526433945, 0.042909666895866394, 0.051641035825014114, 0.04310329630970955, 0.034714214503765106, 0.050223514437675476, 0.04227731004357338, 0.055585090070962906, 0.04002750664949417, 0.04073955491185188, 0.05244116112589836, 0.04862743616104126, 0.047909416258335114, 0.048394929617643356, 0.0402403324842453, 0.035732850432395935, 0.05009467899799347, 0.03534707427024841, 0.0407409630715847, 0.038530997931957245, 0.043886348605155945, 0.0433153435587883, 0.04828739911317825, 0.03853418305516243, 0.03550722822546959, 0.037048254162073135, 0.0407169871032238, 0.049727216362953186, 0.045376721769571304, 0.04099981486797333, 0.045232512056827545, 0.02891930565237999, 0.04124458134174347, 0.035471562296152115, 0.03908152133226395, 0.04234446585178375]
Variance: [0.012709451839327812, 0.009585795924067497, 0.013883781619369984, 0.009672501124441624, 0.0062738279812037945, 0.013132036663591862, 0.009305346757173538, 0.01608549803495407, 0.008341322652995586, 0.008640728890895844, 0.014317343011498451, 0.012310639023780823, 0.011949772946536541, 0.012193196453154087, 0.008430259302258492, 0.006647420581430197, 0.013064748607575893, 0.006504663731902838, 0.008641325868666172, 0.007729268167167902, 0.010027133859694004, 0.009767903946340084, 0.012139072641730309, 0.007730545941740274, 0.006563740316778421, 0.00714584207162261, 0.00863115955144167, 0.012873783707618713, 0.01071973517537117, 0.008751481771469116, 0.010651707649230957, 0.004354051314294338, 0.008856287226080894, 0.006550559774041176, 0.007951715029776096, 0.009334933012723923]
